0,[User:62 - Device:4 - Object:1 - BoundingBoxType:0 - time:04/11/2014 20:08:17] :: -  ,,,,,,,,
dataType, userId ,Device,object,angleType,elapsed time,overall task elapsed time, errorType,error distance
1,62,4,1,3,17.5840973854065,17.5840973854065,0,16.0618801116943
1,62,4,1,3,8.84634399414063,26.4304413795471,2,35.4599914550781
1,62,4,1,3,10.1205215454102,36.5509629249573,0,9.15633869171143
0,[User:62 - Device:4 - Object:1 - BoundingBoxType:0 - time:04/11/2014 20:10:41] :: -  ,,,,,,,,
dataType, userId ,Device,object,angleType,elapsed time,overall task elapsed time, errorType,error distance
1,62,4,1,3,8.05102252960205,8.05102252960205,0,3.40958213806152
1,62,4,1,3,7.11079788208008,15.1618204116821,0,5.97926712036133
1,62,4,1,3,10.3319263458252,25.4937467575073,1,17.161470413208
1,62,4,1,3,8.51197814941406,34.0057249069214,0,1.13158226013184
1,62,4,1,3,7.00790023803711,41.0136251449585,0,3.99486374855042
1,62,4,1,3,6.5888557434082,47.6024808883667,0,6.16826820373535
1,62,4,1,3,8.64860534667969,56.2510862350464,0,7.84951639175415
1,62,4,1,3,7.77394866943359,64.02503490448,0,2.31042695045471
1,62,4,1,3,10.6526947021484,74.6777296066284,0,1.8937611579895
1,62,4,1,3,6.68933868408203,81.3670682907104,0,4.72678279876709
1,62,4,1,3,7.49179840087891,88.8588666915894,0,7.18028402328491
1,62,4,1,3,5.96050262451172,94.8193693161011,0,7.96049690246582
0,[Device Ends At04/11/2014 20:12:29 -- Overall Times ] 94.8193693161011[Overall error] 69.7663021087646  ,,,,,,,,
0,[User:62 - Device:0 - Object:0 - BoundingBoxType:0 - time:04/11/2014 20:29:19] :: -  ,,,,,,,,
dataType, userId ,Device,object,angleType,elapsed time,overall task elapsed time, errorType,error distance
1,62,0,0,3,15.9647417068481,15.9647417068481,2,38.4841384887695
1,62,0,0,3,28.1458759307861,44.1106176376343,0,8.69326686859131
1,62,0,0,3,9.96560668945313,54.0762243270874,0,4.80709505081177
1,62,0,0,3,10.4873313903809,64.5635557174683,0,14.8709087371826
1,62,0,0,3,7.49099731445313,72.0545530319214,0,7.17024230957031
1,62,0,0,3,9.53263854980469,81.5871915817261,0,5.78694152832031
0,[User:62 - Device:0 - Object:0 - BoundingBoxType:0 - time:04/11/2014 20:31:43] :: -  ,,,,,,,,
dataType, userId ,Device,object,angleType,elapsed time,overall task elapsed time, errorType,error distance
0,[User:62 - Device:0 - Object:0 - BoundingBoxType:0 - time:04/11/2014 20:32:12] :: -  ,,,,,,,,
dataType, userId ,Device,object,angleType,elapsed time,overall task elapsed time, errorType,error distance
1,62,0,0,3,12.8236351013184,12.8236351013184,0,4.94691848754883
1,62,0,0,3,8.54620361328125,21.3698387145996,0,7.59296417236328
1,62,0,0,3,9.70011520385742,31.069953918457,0,1.36599266529083
1,62,0,0,3,8.73162460327148,39.8015785217285,0,4.60717535018921
1,62,0,0,3,8.34278869628906,48.1443672180176,0,6.58197546005249
1,62,0,0,3,9.41476821899414,57.5591354370117,0,9.25980949401855
0,[User:62 - Device:1 - Object:0 - BoundingBoxType:0 - time:04/11/2014 20:44:29] :: -  ,,,,,,,,
dataType, userId ,Device,object,angleType,elapsed time,overall task elapsed time, errorType,error distance
1,62,1,0,3,16.0639457702637,16.0639457702637,0,1.65465080738068
1,62,1,0,3,14.5844192504883,30.648365020752,0,15.9340171813965
1,62,1,0,3,7.62966918945313,38.2780342102051,0,8.47607326507568
1,62,1,0,3,8.02250671386719,46.3005409240723,0,7.78136396408081
1,62,1,0,3,6.65614318847656,52.9566841125488,0,6.11382055282593
1,62,1,0,3,10.3693618774414,63.3260459899902,0,4.24547958374023
1,62,1,0,3,9.02883148193359,72.3548774719238,0,3.10056257247925
1,62,1,0,3,9.92399597167969,82.2788734436035,0,9.84541416168213
1,62,1,0,3,8.86148071289063,91.1403541564941,0,2.29035139083862
1,62,1,0,3,11.4192504882813,102.559604644775,0,2.22341513633728
1,62,1,0,3,6.3707275390625,108.930332183838,0,3.34772133827209
1,62,1,0,3,5.53620910644531,114.466541290283,0,4.97910022735596
0,[Device Ends At04/11/2014 20:46:54 -- Overall Times ] 114.466541290283[Overall error] 69.9919701814651  ,,,,,,,,
0,[User:62 - Device:3 - Object:0 - BoundingBoxType:0 - time:04/11/2014 20:56:19] :: -  ,,,,,,,,
dataType, userId ,Device,object,angleType,elapsed time,overall task elapsed time, errorType,error distance
1,62,3,0,3,9.96045303344727,9.96045303344727,0,7.26583576202393
1,62,3,0,3,5.69919204711914,15.6596450805664,0,3.6055314540863
1,62,3,0,3,12.1623649597168,27.8220100402832,0,11.6339845657349
1,62,3,0,3,8.51139450073242,36.3334045410156,0,4.6422176361084
1,62,3,0,3,6.94152069091797,43.2749252319336,0,8.39360046386719
1,62,3,0,3,5.80378723144531,49.0787124633789,0,8.31944847106934
1,62,3,0,3,4.27701568603516,53.3557281494141,0,11.2051124572754
1,62,3,0,3,7.22584533691406,60.5815734863281,0,6.20560550689697
1,62,3,0,3,5.95365905761719,66.5352325439453,0,9.05878257751465
1,62,3,0,3,3.74498748779297,70.2802200317383,0,3.40751552581787
1,62,3,0,3,6.43921661376953,76.7194366455078,0,5.01435518264771
1,62,3,0,3,11.1404037475586,87.8598403930664,0,5.36497068405151
0,[Device Ends At04/11/2014 20:58:38 -- Overall Times ] 87.8598403930664[Overall error] 84.1169602870941  ,,,,,,,,
0,[User:62 - Device:2 - Object:0 - BoundingBoxType:0 - time:04/11/2014 21:12:48] :: -  ,,,,,,,,
dataType, userId ,Device,object,angleType,elapsed time,overall task elapsed time, errorType,error distance
1,62,2,0,3,16.6678566932678,16.6678566932678,0,12.7507658004761
1,62,2,0,3,27.7026100158691,44.370466709137,1,20.3605937957764
1,62,2,0,3,6.65721130371094,51.0276780128479,1,20.6472682952881
1,62,2,0,3,8.02811050415039,59.0557885169983,1,27.5192089080811
1,62,2,0,3,5.72048187255859,64.7762703895569,0,12.5727481842041
0,[User:62 - Device:2 - Object:0 - BoundingBoxType:0 - time:04/11/2014 21:18:03] :: -  ,,,,,,,,
dataType, userId ,Device,object,angleType,elapsed time,overall task elapsed time, errorType,error distance
1,62,2,0,3,4.86776065826416,4.86776065826416,0,7.47894811630249
1,62,2,0,3,10.3709993362427,15.2387599945068,0,14.9975709915161
1,62,2,0,3,9.47841262817383,24.7171726226807,0,15.5849208831787
1,62,2,0,3,7.12581634521484,31.8429889678955,0,14.4211091995239
1,62,2,0,3,6.34112548828125,38.1841144561768,0,7.89111804962158
1,62,2,0,3,8.54240417480469,46.7265186309814,0,4.07057189941406
1,62,2,0,3,6.65677642822266,53.3832950592041,0,4.58127355575562
1,62,2,0,3,4.63437271118164,58.0176677703857,0,6.92487335205078
1,62,2,0,3,9.86904144287109,67.8867092132568,0,7.69481801986694
1,62,2,0,3,7.03582763671875,74.9225368499756,0,11.590503692627
1,62,2,0,3,8.96834564208984,83.8908824920654,0,3.05990171432495
1,62,2,0,3,4.66062927246094,88.5515117645264,0,8.91308784484863
0,[Device Ends At04/11/2014 21:20:10 -- Overall Times ] 88.5515117645264[Overall error] 107.208697319031  ,,,,,,,,
