0,[User:19 - Device:2 - Object:0 - BoundingBoxType:0 - time:04/03/2014 16:02:48] :: 1  ,,,,,,,,
dataType, userId ,Device,object,angleType,elapsed time,overall task elapsed time, errorType,error distance
1,19,2,0,3,10.760669708252,10.760669708252,0,6.42435680016659
1,19,2,0,3,3.19534683227539,13.9560165405273,2,178.432037959406
0,[User:19 - Device:2 - Object:0 - BoundingBoxType:0 - time:04/03/2014 16:04:25] :: 1  ,,,,,,,,
dataType, userId ,Device,object,angleType,elapsed time,overall task elapsed time, errorType,error distance
1,19,2,0,3,8.68197250366211,8.68197250366211,0,3.95249408708447
1,19,2,0,3,3.14199066162109,11.8239631652832,1,17.1396482837638
1,19,2,0,3,6.39299774169922,18.2169609069824,0,2.05882768249521
1,19,2,0,3,2.59281921386719,20.8097801208496,0,10.0116349226938
0,[User:19 - Device:2 - Object:0 - BoundingBoxType:0 - time:04/03/2014 16:05:26] :: 1  ,,,,,,,,
dataType, userId ,Device,object,angleType,elapsed time,overall task elapsed time, errorType,error distance
1,19,2,0,3,8.25485229492188,8.25485229492188,1,17.0949252325988
1,19,2,0,3,10.4063873291016,18.6612396240234,0,10.1393920949212
1,19,2,0,3,9.94158172607422,28.6028213500977,0,5.09710706341341
1,19,2,0,3,4.63473510742188,33.2375564575195,0,11.615450945121
1,19,2,0,3,6.40472412109375,39.6422805786133,0,8.97161430411409
1,19,2,0,3,5.63613891601563,45.2784194946289,1,18.8989644321276
1,19,2,0,3,11.9064102172852,57.1848297119141,0,14.4187146472356
1,19,2,0,3,5.85734558105469,63.0421752929688,0,2.36768524560593
1,19,2,0,3,14.300651550293,77.3428268432617,0,14.9075211957612
1,19,2,0,3,7.35163116455078,84.6944580078125,0,7.11176253045336
1,19,2,0,3,5.40352630615234,90.0979843139648,0,14.8339145745698
1,19,2,0,3,5.51869964599609,95.6166839599609,0,3.87631586310367
0,[Device Ends At04/03/2014 16:07:38 -- Overall Times ] 95.6166839599609[Overall error] 129.333368129026  ,,,,,,,,
0,[User:19 - Device:3 - Object:1 - BoundingBoxType:0 - time:04/03/2014 16:15:59] :: 1  ,,,,,,,,
dataType, userId ,Device,object,angleType,elapsed time,overall task elapsed time, errorType,error distance
1,19,3,1,3,11.4176797866821,11.4176797866821,2,53.0809925634422
1,19,3,1,3,6.90809440612793,18.3257741928101,0,14.707595580276
1,19,3,1,3,4.83798408508301,23.1637582778931,1,20.1080387363537
1,19,3,1,3,7.40286445617676,30.5666227340698,1,18.5868560322567
1,19,3,1,3,5.03373718261719,35.600359916687,1,20.295499432024
1,19,3,1,3,3.81664657592773,39.4170064926147,1,25.5134511964553
1,19,3,1,3,7.47048950195313,46.8874959945679,0,12.9543633893582
1,19,3,1,3,6.15456771850586,53.0420637130737,0,7.16433163030784
1,19,3,1,3,7.12687683105469,60.1689405441284,1,18.5823917700331
1,19,3,1,3,6.77146148681641,66.9404020309448,0,11.1169227744931
1,19,3,1,3,3.97898101806641,70.9193830490112,0,5.09436745325574
1,19,3,1,3,2.960205078125,73.8795881271362,0,14.2234976010411
0,[Device Ends At04/03/2014 16:17:20 -- Overall Times ] 73.8795881271362[Overall error] 221.428308159297  ,,,,,,,,
0,[User:19 - Device:3 - Object:0 - BoundingBoxType:0 - time:04/03/2014 16:17:30] :: 1  ,,,,,,,,
dataType, userId ,Device,object,angleType,elapsed time,overall task elapsed time, errorType,error distance
1,19,3,0,3,8.44617462158203,8.44617462158203,1,21.0366443997439
0,[User:19 - Device:1 - Object:0 - BoundingBoxType:0 - time:04/03/2014 16:25:07] :: 1  ,,,,,,,,
dataType, userId ,Device,object,angleType,elapsed time,overall task elapsed time, errorType,error distance
1,19,1,0,3,6.98384428024292,6.98384428024292,0,10.3514753891321
1,19,1,0,3,6.63503360748291,13.6188778877258,0,11.3269709879843
1,19,1,0,3,7.62508583068848,21.2439637184143,0,11.8404604200452
1,19,1,0,3,4.10105323791504,25.3450169563293,1,18.7824285885223
1,19,1,0,3,8.74336624145508,34.0883831977844,1,20.7208481983102
1,19,1,0,3,5.46986389160156,39.558247089386,0,12.13185060425
1,19,1,0,3,9.06305313110352,48.6213002204895,0,4.57551074546225
1,19,1,0,3,6.66243362426758,55.2837338447571,0,5.11700951464949
1,19,1,0,3,4.86022186279297,60.14395570755,0,10.6721907921352
1,19,1,0,3,4.15285491943359,64.2968106269836,0,10.6109774936638
1,19,1,0,3,5.46253967285156,69.7593502998352,0,16.1157644083683
1,19,1,0,3,5.00319671630859,74.7625470161438,0,13.2721166840128
0,[Device Ends At04/03/2014 16:26:27 -- Overall Times ] 74.7625470161438[Overall error] 145.517603826536  ,,,,,,,,
0,[User:19 - Device:0 - Object:0 - BoundingBoxType:0 - time:04/03/2014 16:32:37] :: 1  ,,,,,,,,
dataType, userId ,Device,object,angleType,elapsed time,overall task elapsed time, errorType,error distance
1,19,0,0,3,4.78585767745972,4.78585767745972,0,8.3396891678633
1,19,0,0,3,2.87739562988281,7.66325330734253,1,20.8041656846157
1,19,0,0,3,7.61274433135986,15.2759976387024,0,4.44133703127502
1,19,0,0,3,7.62119293212891,22.8971905708313,0,11.0703594949868
1,19,0,0,3,11.1726150512695,34.0698056221008,0,15.6152064304244
1,19,0,0,3,5.83901596069336,39.9088215827942,0,4.93739727299038
1,19,0,0,3,6.68726348876953,46.5960850715637,0,8.28548817744202
1,19,0,0,3,3.60052108764648,50.1966061592102,0,12.5820430134273
1,19,0,0,3,4.82691192626953,55.0235180854797,1,27.6269516744455
1,19,0,0,3,3.86809921264648,58.8916172981262,0,10.4359615149264
1,19,0,0,3,4.68029403686523,63.5719113349915,2,37.7052161609528
1,19,0,0,3,8.79434204101563,72.3662533760071,1,17.6256485122915
0,[Device Ends At04/03/2014 16:33:53 -- Overall Times ] 72.3662533760071[Overall error] 179.469464135641  ,,,,,,,,
0,[User:19 - Device:4 - Object:0 - BoundingBoxType:0 - time:04/03/2014 16:40:59] :: 1  ,,,,,,,,
dataType, userId ,Device,object,angleType,elapsed time,overall task elapsed time, errorType,error distance
1,19,4,0,3,7.89281749725342,7.89281749725342,1,20.2215045629586
1,19,4,0,3,6.82578086853027,14.7185983657837,0,8.9653836416738
1,19,4,0,3,7.00879669189453,21.7273950576782,0,9.96425187343177
1,19,4,0,3,5.63191223144531,27.3593072891235,0,7.0641755421184
1,19,4,0,3,7.54497146606445,34.904278755188,0,7.01856225525738
1,19,4,0,3,6.75477981567383,41.6590585708618,0,9.23581078081351
1,19,4,0,3,6.62232971191406,48.2813882827759,0,12.4744826791029
1,19,4,0,3,7.49375152587891,55.7751398086548,0,8.7056931497102
1,19,4,0,3,7.03986358642578,62.8150033950806,0,12.3735437806417
1,19,4,0,3,5.35108947753906,68.1660928726196,0,11.7835288745327
1,19,4,0,3,5.25173187255859,73.4178247451782,0,14.943693826716
1,19,4,0,3,3.92835235595703,77.3461771011353,0,11.1257079834599
0,[Device Ends At04/03/2014 16:42:25 -- Overall Times ] 77.3461771011353[Overall error] 133.876338950417  ,,,,,,,,
