0,[User:48 - Device:4 - Object:1 - BoundingBoxType:0 - time:04/09/2014 16:19:49] :: -  ,,,,,,,,
dataType, userId ,Device,object,angleType,elapsed time,overall task elapsed time, errorType,error distance
1,48,4,1,0,6.40946090221405,6.40946090221405,1,23.4620819091797
1,48,4,1,0,5.63607025146484,12.0455311536789,0,8.8789176940918
1,48,4,1,0,9.79877948760986,21.8443106412888,0,15.5825529098511
1,48,4,1,1,8.86687469482422,30.711185336113,0,6.67870903015137
1,48,4,1,1,3.17850112915039,33.8896864652634,1,19.3421096801758
1,48,4,1,1,5.59848022460938,39.4881666898727,2,58.7407760620117
1,48,4,1,0,6.1211051940918,45.6092718839645,1,18.5230693817139
1,48,4,1,1,13.4629554748535,59.0722273588181,0,14.2443199157715
1,48,4,1,1,6.50621795654297,65.578445315361,1,24.6558094024658
1,48,4,1,1,11.5040435791016,77.0824888944626,0,13.4719038009644
1,48,4,1,0,9.02970886230469,86.1121977567673,1,18.1189212799072
1,48,4,1,0,7.37652587890625,93.4887236356735,1,21.7342872619629
0,[Device Ends At04/09/2014 16:21:25 -- Overall Times ] 93.4887236356735[Overall error] 243.433458328247  ,,,,,,,,
0,[User:48 - Device:4 - Object:0 - BoundingBoxType:0 - time:04/09/2014 16:22:40] :: -  ,,,,,,,,
dataType, userId ,Device,object,angleType,elapsed time,overall task elapsed time, errorType,error distance
1,48,4,0,0,4.99409687519073,4.99409687519073,0,0.590827405452728
1,48,4,0,0,3.0131049156189,8.00720179080963,0,6.05927181243896
1,48,4,0,0,5.29867649078369,13.3058782815933,0,8.47588920593262
1,48,4,0,1,9.81703853607178,23.1229168176651,0,13.7683744430542
1,48,4,0,1,6.23731231689453,29.3602291345596,0,9.92469024658203
1,48,4,0,1,8.26453399658203,37.6247631311417,0,5.94064044952393
1,48,4,0,1,16.8209915161133,54.4457546472549,0,8.6984920501709
1,48,4,0,0,10.0835075378418,64.5292621850967,1,18.7738552093506
1,48,4,0,0,5.53753662109375,70.0667988061905,0,12.6974487304688
1,48,4,0,1,11.9401931762695,82.00699198246,1,21.8961391448975
1,48,4,0,1,12.289665222168,94.296657204628,0,7.98760843276978
1,48,4,0,0,5.91153717041016,100.208194375038,0,11.8737926483154
0,[Device Ends At04/09/2014 16:24:22 -- Overall Times ] 100.208194375038[Overall error] 126.687029778957  ,,,,,,,,
0,[User:48 - Device:1 - Object:0 - BoundingBoxType:0 - time:04/09/2014 16:32:07] :: -  ,,,,,,,,
dataType, userId ,Device,object,angleType,elapsed time,overall task elapsed time, errorType,error distance
1,48,1,0,0,6.48058032989502,6.48058032989502,1,17.4329967498779
1,48,1,0,1,7.52227592468262,14.0028562545776,0,10.8339223861694
1,48,1,0,0,6.35370635986328,20.3565626144409,0,6.19348001480103
1,48,1,0,0,9.70069313049316,30.0572557449341,0,6.30909967422485
1,48,1,0,0,5.98691558837891,36.044171333313,0,4.74051094055176
1,48,1,0,0,4.1641845703125,40.2083559036255,0,5.34024953842163
1,48,1,0,1,4.18252563476563,44.3908815383911,0,4.41275453567505
1,48,1,0,1,8.29479598999023,52.6856775283813,0,3.36125612258911
1,48,1,0,1,7.96096420288086,60.6466417312622,0,6.81555414199829
1,48,1,0,0,8.44370269775391,69.0903444290161,1,18.9070167541504
1,48,1,0,1,8.67891693115234,77.7692613601685,0,7.93477249145508
1,48,1,0,1,9.41590118408203,87.1851625442505,0,8.97842311859131
0,[Device Ends At04/09/2014 16:33:36 -- Overall Times ] 87.1851625442505[Overall error] 101.260036468506  ,,,,,,,,
0,[User:48 - Device:1 - Object:1 - BoundingBoxType:0 - time:04/09/2014 16:33:42] :: -  ,,,,,,,,
dataType, userId ,Device,object,angleType,elapsed time,overall task elapsed time, errorType,error distance
1,48,1,1,1,12.3615493774414,12.3615493774414,0,15.9788980484009
1,48,1,1,0,15.0505199432373,27.4120693206787,0,7.88585472106934
1,48,1,1,1,8.99946975708008,36.4115390777588,1,29.990083694458
1,48,1,1,0,5.06202697753906,41.4735660552979,0,12.438925743103
1,48,1,1,0,4.48215866088867,45.9557247161865,0,7.31503868103027
1,48,1,1,1,7.9267578125,53.8824825286865,0,3.38631463050842
1,48,1,1,1,5.00008392333984,58.8825664520264,0,13.659218788147
1,48,1,1,0,4.51670837402344,63.3992748260498,2,35.6638565063477
1,48,1,1,0,6.83905792236328,70.2383327484131,0,2.26353764533997
1,48,1,1,1,8.99753570556641,79.2358684539795,1,29.1299209594727
1,48,1,1,0,2.79181671142578,82.0276851654053,0,5.580153465271
1,48,1,1,1,5.28726959228516,87.3149547576904,0,14.1053171157837
0,[Device Ends At04/09/2014 16:35:17 -- Overall Times ] 87.3149547576904[Overall error] 177.397119998932  ,,,,,,,,
0,[User:48 - Device:2 - Object:0 - BoundingBoxType:0 - time:04/09/2014 16:41:20] :: -  ,,,,,,,,
dataType, userId ,Device,object,angleType,elapsed time,overall task elapsed time, errorType,error distance
1,48,2,0,1,10.3943828344345,10.3943828344345,1,19.9200897216797
1,48,2,0,0,10.8363609313965,21.230743765831,0,15.5707092285156
1,48,2,0,0,4.99091911315918,26.2216628789902,1,24.5180969238281
1,48,2,0,1,13.0542011260986,39.2758640050888,0,9.90136909484863
1,48,2,0,0,6.6911735534668,45.9670375585556,1,18.8507537841797
1,48,2,0,1,7.27553558349609,53.2425731420517,0,15.8801641464233
1,48,2,0,0,5.01555252075195,58.2581256628037,0,7.62261486053467
1,48,2,0,0,4.63455581665039,62.892681479454,0,5.14521026611328
1,48,2,0,1,7.00541687011719,69.8980983495712,0,7.54723167419434
1,48,2,0,1,8.64471435546875,78.54281270504,0,4.56621026992798
1,48,2,0,0,4.31493377685547,82.8577464818954,0,5.88621759414673
1,48,2,0,1,11.7457733154297,94.6035197973251,1,20.9225730895996
0,[Device Ends At04/09/2014 16:42:56 -- Overall Times ] 94.6035197973251[Overall error] 156.331240653992  ,,,,,,,,
0,[User:48 - Device:2 - Object:1 - BoundingBoxType:0 - time:04/09/2014 16:43:06] :: -  ,,,,,,,,
dataType, userId ,Device,object,angleType,elapsed time,overall task elapsed time, errorType,error distance
1,48,2,1,1,13.2335832118988,13.2335832118988,1,20.2479076385498
1,48,2,1,0,5.76888751983643,19.0024707317352,0,14.5911455154419
1,48,2,1,1,5.26909065246582,24.2715613842011,0,13.2490215301514
1,48,2,1,0,3.71261787414551,27.9841792583466,0,16.8983974456787
1,48,2,1,0,8.02800369262695,36.0121829509735,1,21.8938732147217
1,48,2,1,0,7.87587356567383,43.8880565166473,1,20.5488567352295
1,48,2,1,1,5.80893707275391,49.6969935894012,0,15.1390018463135
1,48,2,1,1,9.71019744873047,59.4071910381317,0,8.06888484954834
1,48,2,1,0,4.13221740722656,63.5394084453583,1,33.1643333435059
1,48,2,1,0,8.09268951416016,71.6320979595184,0,12.2583818435669
1,48,2,1,1,5.15107727050781,76.7831752300262,0,5.04703760147095
1,48,2,1,1,6.37368774414063,83.1568629741669,0,8.72115898132324
0,[Device Ends At04/09/2014 16:44:31 -- Overall Times ] 83.1568629741669[Overall error] 189.828000545502  ,,,,,,,,
0,[User:48 - Device:3 - Object:1 - BoundingBoxType:0 - time:04/09/2014 16:49:58] :: -  ,,,,,,,,
dataType, userId ,Device,object,angleType,elapsed time,overall task elapsed time, errorType,error distance
1,48,3,1,1,12.5878936052322,12.5878936052322,0,4.833083152771
1,48,3,1,1,12.6769733428955,25.2648669481277,1,23.3285083770752
1,48,3,1,1,11.6526470184326,36.9175139665604,0,14.6883907318115
1,48,3,1,0,6.03748321533203,42.9549971818924,0,13.8099088668823
1,48,3,1,1,4.87165832519531,47.8266555070877,0,7.29155302047729
1,48,3,1,0,5.74813842773438,53.5747939348221,0,12.0469980239868
1,48,3,1,0,3.47786712646484,57.0526610612869,1,17.1458530426025
1,48,3,1,1,9.30064010620117,66.3533011674881,0,2.07368588447571
1,48,3,1,1,10.9365768432617,77.2898780107498,0,10.4706506729126
1,48,3,1,0,9.3123779296875,86.6022559404373,0,5.54736328125
1,48,3,1,0,9.06478118896484,95.6670371294022,0,7.12432861328125
1,48,3,1,0,6.27175140380859,101.938788533211,0,4.3776650428772
0,[Device Ends At04/09/2014 16:51:41 -- Overall Times ] 101.938788533211[Overall error] 122.737988710403  ,,,,,,,,
0,[User:48 - Device:3 - Object:0 - BoundingBoxType:0 - time:04/09/2014 16:51:49] :: -  ,,,,,,,,
dataType, userId ,Device,object,angleType,elapsed time,overall task elapsed time, errorType,error distance
1,48,3,0,0,4.97957289218903,4.97957289218903,0,2.68725800514221
1,48,3,0,1,9.91695642471313,14.8965293169022,0,11.0271902084351
1,48,3,0,0,9.31267547607422,24.2092047929764,0,9.98067378997803
1,48,3,0,1,6.48929977416992,30.6985045671463,0,2.51295280456543
1,48,3,0,1,8.74580001831055,39.4443045854568,0,11.0573616027832
1,48,3,0,1,9.18087387084961,48.6251784563065,0,8.97458267211914
1,48,3,0,0,4.16807556152344,52.7932540178299,0,13.3390665054321
1,48,3,0,0,6.77326202392578,59.5665160417557,0,9.74653911590576
1,48,3,0,0,9.49497222900391,69.0614882707596,0,13.1044244766235
1,48,3,0,0,3.98480987548828,73.0462981462479,0,11.9978866577148
1,48,3,0,1,8.12596893310547,81.1722670793533,1,18.4536361694336
1,48,3,0,1,8.09261322021484,89.2648802995682,1,17.6353702545166
0,[Device Ends At04/09/2014 16:53:20 -- Overall Times ] 89.2648802995682[Overall error] 130.51694226265  ,,,,,,,,
0,[User:48 - Device:0 - Object:0 - BoundingBoxType:0 - time:04/09/2014 16:59:10] :: -  ,,,,,,,,
dataType, userId ,Device,object,angleType,elapsed time,overall task elapsed time, errorType,error distance
1,48,0,0,1,11.0574389696121,11.0574389696121,0,16.2040596008301
1,48,0,0,1,7.87890243530273,18.9363414049149,0,7.64528942108154
1,48,0,0,1,8.09281349182129,27.0291548967361,0,8.26797199249268
1,48,0,0,1,8.11089134216309,35.1400462388992,0,6.00487995147705
1,48,0,0,0,5.2341423034668,40.374188542366,0,9.84517478942871
1,48,0,0,0,9.13076400756836,49.5049525499344,1,18.6151466369629
1,48,0,0,0,6.67463302612305,56.1795855760574,0,12.2127494812012
1,48,0,0,0,13.3939056396484,69.5734912157059,0,6.55992746353149
1,48,0,0,0,6.18787384033203,75.7613650560379,0,6.89790439605713
1,48,0,0,0,6.52381134033203,82.2851763963699,0,1.73049080371857
1,48,0,0,1,11.4546585083008,93.7398349046707,0,5.78111982345581
1,48,0,0,1,10.5179977416992,104.25783264637,0,1.08424961566925
0,[Device Ends At04/09/2014 17:00:56 -- Overall Times ] 104.25783264637[Overall error] 100.848963975906  ,,,,,,,,
0,[User:48 - Device:0 - Object:1 - BoundingBoxType:0 - time:04/09/2014 17:01:03] :: -  ,,,,,,,,
dataType, userId ,Device,object,angleType,elapsed time,overall task elapsed time, errorType,error distance
1,48,0,1,1,7.08081674575806,7.08081674575806,0,4.65081071853638
1,48,0,1,0,11.7903366088867,18.8711533546448,1,18.0223693847656
1,48,0,1,0,3.7958812713623,22.6670346260071,1,30.9875812530518
1,48,0,1,1,8.31413459777832,30.9811692237854,0,5.02246761322021
1,48,0,1,0,8.8114128112793,39.7925820350647,1,19.8940887451172
1,48,0,1,1,6.00549697875977,45.7980790138245,0,9.42952156066895
1,48,0,1,0,6.46919250488281,52.2672715187073,0,9.59125709533691
1,48,0,1,1,13.8970832824707,66.164354801178,2,36.5097160339355
1,48,0,1,1,13.6160430908203,79.7803978919983,0,4.60717535018921
1,48,0,1,0,8.21038818359375,87.990786075592,0,8.05148983001709
1,48,0,1,1,12.1552200317383,100.14600610733,0,5.80005121231079
1,48,0,1,0,6.49379730224609,106.639803409576,0,11.9628705978394
0,[Device Ends At04/09/2014 17:02:51 -- Overall Times ] 106.639803409576[Overall error] 164.529399394989  ,,,,,,,,
