0,[User:43 - Device:4 - Object:1 - BoundingBoxType:0 - time:04/08/2014 14:53:05] :: -  ,,,,,,,,
dataType, userId ,Device,object,angleType,elapsed time,overall task elapsed time, errorType,error distance
1,43,4,1,1,6.39656209945679,6.39656209945679,0,14.2946376800537
1,43,4,1,1,6.65891456604004,13.0554766654968,0,12.2210302352905
1,43,4,1,0,5.26836204528809,18.3238387107849,0,10.348072052002
1,43,4,1,1,36.2182769775391,54.542115688324,0,15.8654232025146
1,43,4,1,1,11.2078475952148,65.7499632835388,1,22.2179794311523
1,43,4,1,0,8.76490783691406,74.5148711204529,0,9.07658195495605
1,43,4,1,1,26.4363708496094,100.951241970062,0,9.93108367919922
1,43,4,1,0,7.22453308105469,108.175775051117,0,11.5308923721313
1,43,4,1,1,6.59415435791016,114.769929409027,1,23.7626285552979
1,43,4,1,0,10.4311981201172,125.201127529144,0,10.4421672821045
1,43,4,1,0,6.55865478515625,131.759782314301,0,2.8272168636322
1,43,4,1,0,9.24435424804688,141.004136562347,0,14.4109840393066
0,[Device Ends At04/08/2014 14:55:33 -- Overall Times ] 141.004136562347[Overall error] 156.928697347641  ,,,,,,,,
0,[User:43 - Device:4 - Object:1 - BoundingBoxType:0 - time:04/08/2014 14:56:51] :: -  ,,,,,,,,
dataType, userId ,Device,object,angleType,elapsed time,overall task elapsed time, errorType,error distance
0,[User:43 - Device:4 - Object:0 - BoundingBoxType:0 - time:04/08/2014 14:57:07] :: -  ,,,,,,,,
dataType, userId ,Device,object,angleType,elapsed time,overall task elapsed time, errorType,error distance
1,43,4,0,1,16.0308711528778,16.0308711528778,0,4.89952898025513
1,43,4,0,0,9.85395431518555,25.8848254680634,0,6.77232837677002
1,43,4,0,1,15.0006656646729,40.8854911327362,0,10.2174348831177
1,43,4,0,0,5.83198928833008,46.7174804210663,0,8.73623752593994
1,43,4,0,0,10.5861587524414,57.3036391735077,1,18.7001762390137
1,43,4,0,1,9.33640670776367,66.6400458812714,0,12.3479976654053
1,43,4,0,1,6.58545684814453,73.2255027294159,0,2.76081991195679
1,43,4,0,1,9.28037261962891,82.5058753490448,0,13.2420930862427
1,43,4,0,0,5.87687683105469,88.3827521800995,0,5.86182355880737
1,43,4,0,0,5.93006896972656,94.3128211498261,0,1.10710871219635
1,43,4,0,1,9.13262176513672,103.445442914963,0,10.1460037231445
1,43,4,0,0,10.3992156982422,113.844658613205,0,3.94219517707825
0,[Device Ends At04/08/2014 14:59:03 -- Overall Times ] 113.844658613205[Overall error] 98.7337478399277  ,,,,,,,,
0,[User:43 - Device:0 - Object:0 - BoundingBoxType:0 - time:04/08/2014 15:06:24] :: -  ,,,,,,,,
dataType, userId ,Device,object,angleType,elapsed time,overall task elapsed time, errorType,error distance
1,43,0,0,0,7.7391185760498,7.7391185760498,0,6.46323585510254
1,43,0,0,0,10.3334541320801,18.0725727081299,1,19.4047031402588
1,43,0,0,0,4.71938323974609,22.791955947876,0,10.846287727356
1,43,0,0,1,5.29799270629883,28.0899486541748,0,5.34684324264526
1,43,0,0,1,12.0745334625244,40.1644821166992,0,5.80356025695801
1,43,0,0,1,7.25812149047852,47.4226036071777,0,8.57458114624023
1,43,0,0,1,11.4556045532227,58.8782081604004,0,12.4981746673584
1,43,0,0,1,9.34855651855469,68.2267646789551,0,0.764122366905212
1,43,0,0,0,7.1072998046875,75.3340644836426,0,15.6852512359619
1,43,0,0,0,6.17259216308594,81.5066566467285,0,16.8231582641602
1,43,0,0,1,9.95053863525391,91.4571952819824,0,2.83633852005005
1,43,0,0,0,7.57411956787109,99.0313148498535,0,9.71843910217285
0,[Device Ends At04/08/2014 15:08:05 -- Overall Times ] 99.0313148498535[Overall error] 114.764695525169  ,,,,,,,,
0,[User:43 - Device:0 - Object:1 - BoundingBoxType:0 - time:04/08/2014 15:08:14] :: -  ,,,,,,,,
dataType, userId ,Device,object,angleType,elapsed time,overall task elapsed time, errorType,error distance
1,43,0,1,0,9.66330099105835,9.66330099105835,0,15.8782844543457
1,43,0,1,0,11.8869390487671,21.5502400398254,0,14.403959274292
1,43,0,1,0,9.3826904296875,30.9329304695129,0,5.95827674865723
1,43,0,1,1,8.1596794128418,39.0926098823547,1,20.57568359375
1,43,0,1,1,8.17874526977539,47.2713551521301,0,12.3660850524902
1,43,0,1,0,9.28241729736328,56.5537724494934,0,2.32191681861877
1,43,0,1,1,10.718921661377,67.2726941108704,0,14.1866903305054
1,43,0,1,1,6.77320098876953,74.0458950996399,0,10.8211088180542
1,43,0,1,1,15.2914123535156,89.3373074531555,0,12.6205015182495
1,43,0,1,1,22.2853240966797,111.622631549835,0,4.51829528808594
1,43,0,1,0,6.85684204101563,118.479473590851,0,4.70503520965576
1,43,0,1,0,8.41268157958984,126.892155170441,0,12.3285493850708
0,[Device Ends At04/08/2014 15:10:26 -- Overall Times ] 126.892155170441[Overall error] 130.684386491776  ,,,,,,,,
0,[User:43 - Device:3 - Object:0 - BoundingBoxType:0 - time:04/08/2014 15:15:48] :: -  ,,,,,,,,
dataType, userId ,Device,object,angleType,elapsed time,overall task elapsed time, errorType,error distance
1,43,3,0,1,6.43911361694336,6.43911361694336,0,10.7056818008423
1,43,3,0,1,10.7541103363037,17.1932239532471,0,6.15339756011963
1,43,3,0,0,8.96175384521484,26.1549777984619,0,7.77471828460693
1,43,3,0,1,10.5233459472656,36.6783237457275,0,8.89002799987793
1,43,3,0,0,7.13794708251953,43.8162708282471,0,6.67037868499756
1,43,3,0,1,8.47824859619141,52.2945194244385,1,22.4110927581787
1,43,3,0,0,4.63358306884766,56.9281024932861,0,5.61665725708008
1,43,3,0,0,7.17372131347656,64.1018238067627,0,5.00810623168945
1,43,3,0,0,8.79718780517578,72.8990116119385,0,9.55852222442627
1,43,3,0,1,8.32753753662109,81.2265491485596,0,5.08751916885376
1,43,3,0,0,7.74502563476563,88.9715747833252,0,4.61956357955933
1,43,3,0,1,11.6765518188477,100.648126602173,0,9.51266860961914
0,[Device Ends At04/08/2014 15:17:52 -- Overall Times ] 100.648126602173[Overall error] 102.008334159851  ,,,,,,,,
0,[User:43 - Device:3 - Object:1 - BoundingBoxType:0 - time:04/08/2014 15:18:02] :: -  ,,,,,,,,
dataType, userId ,Device,object,angleType,elapsed time,overall task elapsed time, errorType,error distance
1,43,3,1,1,10.0429565906525,10.0429565906525,0,4.46373271942139
1,43,3,1,1,7.54271697998047,17.5856735706329,1,24.1969890594482
1,43,3,1,1,13.1829395294189,30.7686131000519,0,8.99672985076904
1,43,3,1,0,2.95443344116211,33.723046541214,1,20.9506931304932
1,43,3,1,0,19.9864082336426,53.7094547748566,1,28.8880023956299
1,43,3,1,1,6.43659973144531,60.1460545063019,0,11.3452119827271
1,43,3,1,1,9.43282699584961,69.5788815021515,1,31.5911731719971
1,43,3,1,0,14.0477752685547,83.6266567707062,0,8.61623382568359
1,43,3,1,0,10.26904296875,93.8956997394562,0,12.3700160980225
1,43,3,1,0,7.35704803466797,101.252747774124,0,15.6886548995972
1,43,3,1,1,19.6517028808594,120.904450654984,0,6.28609609603882
1,43,3,1,0,5.73780822753906,126.642258882523,0,1.45317041873932
0,[Device Ends At04/08/2014 15:20:12 -- Overall Times ] 126.642258882523[Overall error] 174.846703648567  ,,,,,,,,
0,[User:43 - Device:2 - Object:0 - BoundingBoxType:0 - time:04/08/2014 15:28:42] :: -  ,,,,,,,,
dataType, userId ,Device,object,angleType,elapsed time,overall task elapsed time, errorType,error distance
1,43,2,0,1,5.66760063171387,5.66760063171387,0,12.3840188980103
1,43,2,0,0,5.11797618865967,10.7855768203735,0,6.1113862991333
1,43,2,0,0,3.827317237854,14.6128940582275,0,10.1534156799316
1,43,2,0,0,4.61599349975586,19.2288875579834,0,9.59370899200439
1,43,2,0,0,4.21527290344238,23.4441604614258,0,5.09320974349976
1,43,2,0,0,7.65888977050781,31.1030502319336,1,17.8412799835205
1,43,2,0,0,5.88478469848633,36.9878349304199,0,10.0997848510742
1,43,2,0,1,12.2956657409668,49.2835006713867,0,10.4062280654907
1,43,2,0,1,10.3653259277344,59.6488265991211,0,2.71219277381897
1,43,2,0,1,8.73234558105469,68.3811721801758,1,20.5155143737793
1,43,2,0,1,10.6181411743164,78.9993133544922,0,8.39966487884521
1,43,2,0,1,7.94150543212891,86.9408187866211,0,9.93597507476807
0,[Device Ends At04/08/2014 15:30:14 -- Overall Times ] 86.9408187866211[Overall error] 123.246379613876  ,,,,,,,,
0,[User:43 - Device:2 - Object:1 - BoundingBoxType:0 - time:04/08/2014 15:30:22] :: -  ,,,,,,,,
dataType, userId ,Device,object,angleType,elapsed time,overall task elapsed time, errorType,error distance
1,43,2,1,1,7.69945096969604,7.69945096969604,0,5.68276500701904
1,43,2,1,1,10.65562915802,18.3550801277161,0,12.9822273254395
1,43,2,1,0,3.79606246948242,22.1511425971985,1,18.6592273712158
1,43,2,1,1,10.0140857696533,32.1652283668518,0,4.01090049743652
1,43,2,1,0,4.89973831176758,37.0649666786194,0,7.69145822525024
1,43,2,1,1,16.6737289428711,53.7386956214905,0,10.0644960403442
1,43,2,1,0,3.34539031982422,57.0840859413147,1,20.350622177124
1,43,2,1,0,8.42788314819336,65.5119690895081,0,10.401180267334
1,43,2,1,1,8.36263275146484,73.8746018409729,0,9.49675750732422
1,43,2,1,0,5.51779937744141,79.3924012184143,0,13.4422311782837
1,43,2,1,0,6.37606811523438,85.7684693336487,0,8.06684589385986
1,43,2,1,1,5.56497955322266,91.3334488868713,1,26.4028873443604
0,[Device Ends At04/08/2014 15:31:56 -- Overall Times ] 91.3334488868713[Overall error] 147.251598834991  ,,,,,,,,
0,[User:43 - Device:1 - Object:1 - BoundingBoxType:0 - time:04/08/2014 15:37:16] :: -  ,,,,,,,,
dataType, userId ,Device,object,angleType,elapsed time,overall task elapsed time, errorType,error distance
1,43,1,1,0,11.1162279844284,11.1162279844284,0,5.00638628005981
1,43,1,1,1,11.0089893341064,22.1252173185349,0,2.69627261161804
1,43,1,1,0,6.26649856567383,28.3917158842087,1,20.1529941558838
1,43,1,1,1,24.0655746459961,52.4572905302048,0,11.137113571167
1,43,1,1,0,7.42440414428711,59.8816946744919,0,10.8686676025391
1,43,1,1,1,13.8323860168457,73.7140806913376,0,4.48298358917236
1,43,1,1,1,10.7186584472656,84.4327391386032,0,15.5097818374634
1,43,1,1,0,4.48104858398438,88.9137877225876,0,8.84204483032227
1,43,1,1,0,5.85327911376953,94.7670668363571,0,9.18675136566162
1,43,1,1,1,13.69775390625,108.464820742607,0,16.9239921569824
1,43,1,1,0,12.5087280273438,120.973548769951,0,10.2629728317261
1,43,1,1,1,11.8738555908203,132.847404360771,1,19.3363742828369
0,[Device Ends At04/08/2014 15:39:31 -- Overall Times ] 132.847404360771[Overall error] 134.406335115433  ,,,,,,,,
0,[User:43 - Device:1 - Object:0 - BoundingBoxType:0 - time:04/08/2014 15:39:40] :: -  ,,,,,,,,
dataType, userId ,Device,object,angleType,elapsed time,overall task elapsed time, errorType,error distance
1,43,1,0,0,4.89239740371704,4.89239740371704,0,11.9197959899902
1,43,1,0,0,4.79965782165527,9.69205522537231,0,12.1200675964355
1,43,1,0,1,7.74185562133789,17.4339108467102,0,4.00249910354614
1,43,1,0,0,6.07042121887207,23.5043320655823,0,14.4622993469238
1,43,1,0,1,7.01268196105957,30.5170140266418,0,3.71650624275208
1,43,1,0,1,6.75262451171875,37.2696385383606,0,4.9081506729126
1,43,1,0,0,5.95412063598633,43.2237591743469,0,15.0051593780518
1,43,1,0,1,9.53055953979492,52.7543187141418,1,19.2731533050537
1,43,1,0,0,8.57942199707031,61.3337407112122,0,6.31542634963989
1,43,1,0,0,7.22491455078125,68.5586552619934,0,7.38812351226807
1,43,1,0,1,5.66884613037109,74.2275013923645,0,9.65891170501709
1,43,1,0,1,8.29720306396484,82.5247044563293,0,1.72686851024628
0,[Device Ends At04/08/2014 15:41:09 -- Overall Times ] 82.5247044563293[Overall error] 110.496961712837  ,,,,,,,,
