0,[User:53 - Device:4 - Object:1 - BoundingBoxType:0 - time:04/10/2014 10:09:11] :: -  ,,,,,,,,
dataType, userId ,Device,object,angleType,elapsed time,overall task elapsed time, errorType,error distance
1,53,4,1,1,6.3306999206543,6.3306999206543,0,16.7581310272217
1,53,4,1,0,3.68242073059082,10.0131206512451,1,23.6598987579346
1,53,4,1,1,5.03104019165039,15.0441608428955,0,6.60228967666626
1,53,4,1,1,8.52984046936035,23.5740013122559,0,11.0889348983765
1,53,4,1,0,4.76418304443359,28.3381843566895,0,4.39426517486572
1,53,4,1,0,4.6349983215332,32.9731826782227,0,11.6403837203979
1,53,4,1,0,2.80928802490234,35.782470703125,0,9.61712169647217
1,53,4,1,0,2.48934936523438,38.2718200683594,1,23.4956855773926
1,53,4,1,1,4.85114288330078,43.1229629516602,2,46.009838104248
1,53,4,1,1,21.9235649108887,65.0465278625488,1,23.4185733795166
1,53,4,1,0,13.284049987793,78.3305778503418,1,24.3447532653809
1,53,4,1,1,5.17906188964844,83.5096397399902,0,6.28622055053711
0,[Device Ends At04/10/2014 10:10:45 -- Overall Times ] 83.5096397399902[Overall error] 207.31609582901  ,,,,,,,,
0,[User:53 - Device:4 - Object:0 - BoundingBoxType:0 - time:04/10/2014 10:12:33] :: -  ,,,,,,,,
dataType, userId ,Device,object,angleType,elapsed time,overall task elapsed time, errorType,error distance
1,53,4,0,0,4.60776615142822,4.60776615142822,0,2.47465991973877
1,53,4,0,1,9.81798076629639,14.4257469177246,1,23.2878646850586
1,53,4,0,0,14.5974235534668,29.0231704711914,0,5.02293586730957
1,53,4,0,0,12.465461730957,41.4886322021484,0,16.5102825164795
1,53,4,0,1,7.98955917358398,49.4781913757324,0,7.70671844482422
1,53,4,0,1,6.41011428833008,55.8883056640625,0,9.34781646728516
1,53,4,0,0,5.32733917236328,61.2156448364258,0,11.3985719680786
1,53,4,0,0,4.32305145263672,65.5386962890625,0,15.3437824249268
1,53,4,0,0,5.99488067626953,71.533576965332,0,10.1504058837891
1,53,4,0,1,7.44367980957031,78.9772567749023,0,4.67733192443848
1,53,4,0,1,6.37660217285156,85.3538589477539,0,10.2905788421631
1,53,4,0,1,10.4466018676758,95.8004608154297,0,6.04322576522827
0,[Device Ends At04/10/2014 10:14:17 -- Overall Times ] 95.8004608154297[Overall error] 122.25417470932  ,,,,,,,,
0,[User:53 - Device:0 - Object:0 - BoundingBoxType:0 - time:04/10/2014 10:22:45] :: -  ,,,,,,,,
dataType, userId ,Device,object,angleType,elapsed time,overall task elapsed time, errorType,error distance
1,53,0,0,1,9.47887897491455,9.47887897491455,0,10.9294404983521
1,53,0,0,0,3.64135837554932,13.1202373504639,0,10.6024656295776
1,53,0,0,1,12.1260890960693,25.2463264465332,0,6.08647871017456
1,53,0,0,1,8.41055870056152,33.6568851470947,1,22.4626655578613
1,53,0,0,1,9.41523742675781,43.0721225738525,0,8.10955619812012
1,53,0,0,0,3.59933471679688,46.6714572906494,0,6.19941902160645
1,53,0,0,1,8.24000549316406,54.9114627838135,0,6.81130170822144
1,53,0,0,0,3.91416931152344,58.8256320953369,1,18.7859134674072
1,53,0,0,0,9.74916076660156,68.5747928619385,0,5.35869169235229
1,53,0,0,0,4.64940643310547,73.2241992950439,1,28.1741752624512
1,53,0,0,0,6.87285614013672,80.0970554351807,0,14.033429145813
1,53,0,0,1,6.46189880371094,86.5589542388916,0,3.74817681312561
0,[Device Ends At04/10/2014 10:24:17 -- Overall Times ] 86.5589542388916[Overall error] 141.301713705063  ,,,,,,,,
0,[User:53 - Device:0 - Object:1 - BoundingBoxType:0 - time:04/10/2014 10:24:25] :: -  ,,,,,,,,
dataType, userId ,Device,object,angleType,elapsed time,overall task elapsed time, errorType,error distance
1,53,0,1,1,2.95534133911133,2.95534133911133,2,124.79891204834
1,53,0,1,1,9.37558794021606,12.3309292793274,1,21.9303131103516
1,53,0,1,0,7.8767786026001,20.2077078819275,0,12.805700302124
1,53,0,1,0,2.87768363952637,23.0853915214539,1,18.2940635681152
1,53,0,1,1,10.5354537963867,33.6208453178406,0,9.55196189880371
1,53,0,1,0,9.43610000610352,43.0569453239441,0,12.4355840682983
1,53,0,1,1,8.47606658935547,51.5330119132996,0,16.2806930541992
1,53,0,1,0,7.07240676879883,58.6054186820984,0,8.80430698394775
1,53,0,1,1,7.3922004699707,65.9976191520691,0,12.2088327407837
1,53,0,1,0,5.11780548095703,71.1154246330261,1,21.0811386108398
1,53,0,1,1,7.87651062011719,78.9919352531433,0,3.44952630996704
1,53,0,1,0,6.38842010498047,85.3803553581238,0,7.78901100158691
0,[Device Ends At04/10/2014 10:25:54 -- Overall Times ] 85.3803553581238[Overall error] 269.430043697357  ,,,,,,,,
0,[User:53 - Device:2 - Object:1 - BoundingBoxType:0 - time:04/10/2014 10:34:26] :: -  ,,,,,,,,
dataType, userId ,Device,object,angleType,elapsed time,overall task elapsed time, errorType,error distance
1,53,2,1,0,7.44090366363525,7.44090366363525,0,3.8558611869812
1,53,2,1,1,6.85799884796143,14.2989025115967,0,13.0700807571411
1,53,2,1,1,6.137939453125,20.4368419647217,1,20.6597270965576
1,53,2,1,1,9.48095703125,29.9177989959717,0,6.79656839370728
1,53,2,1,1,8.83034896850586,38.7481479644775,0,8.72115898132324
1,53,2,1,0,6.9068603515625,45.65500831604,0,9.4825553894043
1,53,2,1,0,7.59214401245117,53.2471523284912,0,8.38547706604004
1,53,2,1,0,4.60071182250977,57.847864151001,0,4.68000936508179
1,53,2,1,1,9.44741821289063,67.2952823638916,0,5.80976343154907
1,53,2,1,1,4.98520660400391,72.2804889678955,1,25.5138854980469
1,53,2,1,0,6.13595581054688,78.4164447784424,0,13.280837059021
1,53,2,1,0,6.30474853515625,84.7211933135986,0,9.97344779968262
0,[Device Ends At04/10/2014 10:35:55 -- Overall Times ] 84.7211933135986[Overall error] 130.229372024536  ,,,,,,,,
0,[User:53 - Device:2 - Object:0 - BoundingBoxType:0 - time:04/10/2014 10:36:05] :: -  ,,,,,,,,
dataType, userId ,Device,object,angleType,elapsed time,overall task elapsed time, errorType,error distance
1,53,2,0,1,8.70928883552551,8.70928883552551,0,7.35390853881836
1,53,2,0,1,7.89083480834961,16.6001236438751,1,20.0874614715576
1,53,2,0,0,2.82941055297852,19.4295341968536,0,11.9134798049927
1,53,2,0,1,7.32186126708984,26.7513954639435,0,3.39347290992737
1,53,2,0,0,5.50196266174316,32.2533581256866,0,8.47228336334229
1,53,2,0,1,10.2388534545898,42.4922115802765,0,16.3964862823486
1,53,2,0,0,7.70773315429688,50.1999447345734,0,2.70352053642273
1,53,2,0,0,4.23203277587891,54.4319775104523,1,21.1525936126709
1,53,2,0,0,7.1062126159668,61.5381901264191,0,1.08641314506531
1,53,2,0,1,6.13825225830078,67.6764423847198,0,4.8772668838501
1,53,2,0,0,9.06155395507813,76.737996339798,0,6.24698352813721
1,53,2,0,1,10.1412658691406,86.8792622089386,0,4.60139417648315
0,[Device Ends At04/10/2014 10:37:33 -- Overall Times ] 86.8792622089386[Overall error] 108.285264253616  ,,,,,,,,
0,[User:53 - Device:3 - Object:0 - BoundingBoxType:0 - time:04/10/2014 10:46:16] :: -  ,,,,,,,,
dataType, userId ,Device,object,angleType,elapsed time,overall task elapsed time, errorType,error distance
1,53,3,0,1,13.6935541629791,13.6935541629791,0,11.4222068786621
1,53,3,0,0,11.5538558959961,25.2474100589752,0,6.68878555297852
1,53,3,0,1,9.33515167236328,34.5825617313385,0,4.54731178283691
1,53,3,0,0,5.82238006591797,40.4049417972565,0,4.63664865493774
1,53,3,0,1,10.7663269042969,51.1712687015533,0,8.77212429046631
1,53,3,0,0,8.24411773681641,59.4153864383698,0,4.0389084815979
1,53,3,0,1,7.10644912719727,66.521835565567,0,3.07393956184387
1,53,3,0,0,4.90150451660156,71.4233400821686,0,15.347620010376
1,53,3,0,0,5.13339996337891,76.5567400455475,0,15.1353712081909
1,53,3,0,0,3.82789611816406,80.3846361637115,0,14.4186067581177
1,53,3,0,1,11.5073165893555,91.891952753067,0,9.53397941589355
1,53,3,0,1,6.821044921875,98.712997674942,0,6.43080472946167
0,[Device Ends At04/10/2014 10:47:57 -- Overall Times ] 98.712997674942[Overall error] 104.046307325363  ,,,,,,,,
0,[User:53 - Device:3 - Object:1 - BoundingBoxType:0 - time:04/10/2014 10:48:06] :: -  ,,,,,,,,
dataType, userId ,Device,object,angleType,elapsed time,overall task elapsed time, errorType,error distance
1,53,3,1,0,4.8002370595932,4.8002370595932,0,14.545841217041
1,53,3,1,0,7.05934762954712,11.8595846891403,0,6.53888320922852
1,53,3,1,1,6.92279243469238,18.7823771238327,0,12.9905624389648
1,53,3,1,1,4.29712295532227,23.079500079155,1,19.9724636077881
1,53,3,1,0,5.6541576385498,28.7336577177048,0,5.91805791854858
1,53,3,1,0,6.90620231628418,35.639860033989,0,7.06172275543213
1,53,3,1,1,6.42146682739258,42.0613268613815,0,6.35202312469482
1,53,3,1,0,4.23186492919922,46.2931917905808,0,9.54120922088623
1,53,3,1,1,9.64822769165039,55.9414194822311,1,18.870096206665
1,53,3,1,1,10.8035507202148,66.744970202446,0,9.45590972900391
1,53,3,1,0,5.15235137939453,71.8973215818405,0,12.1147613525391
1,53,3,1,1,6.1868896484375,78.084211230278,0,8.61659812927246
0,[Device Ends At04/10/2014 10:49:26 -- Overall Times ] 78.084211230278[Overall error] 131.978128910065  ,,,,,,,,
0,[User:53 - Device:1 - Object:0 - BoundingBoxType:0 - time:04/10/2014 10:56:32] :: -  ,,,,,,,,
dataType, userId ,Device,object,angleType,elapsed time,overall task elapsed time, errorType,error distance
1,53,1,0,0,4.18262028694153,4.18262028694153,0,7.6276478767395
1,53,1,0,1,8.62744235992432,12.8100626468658,0,6.74544668197632
1,53,1,0,1,6.00369262695313,18.813755273819,0,12.4026851654053
1,53,1,0,0,4.83363342285156,23.6473886966705,0,12.14417552948
1,53,1,0,0,8.71278381347656,32.3601725101471,1,17.7476119995117
1,53,1,0,1,8.51446151733398,40.8746340274811,0,7.95724821090698
1,53,1,0,1,7.80638122558594,48.681015253067,0,6.61840152740479
1,53,1,0,0,8.76354217529297,57.44455742836,0,5.33863687515259
1,53,1,0,1,5.0211296081543,62.4656870365143,1,18.1455364227295
1,53,1,0,1,5.53476715087891,68.0004541873932,0,5.77258110046387
1,53,1,0,0,7.03688812255859,75.0373423099518,0,8.85497188568115
1,53,1,0,0,5.25434112548828,80.2916834354401,0,14.8155994415283
0,[Device Ends At04/10/2014 10:57:55 -- Overall Times ] 80.2916834354401[Overall error] 124.17054271698  ,,,,,,,,
0,[User:53 - Device:1 - Object:1 - BoundingBoxType:0 - time:04/10/2014 10:59:36] :: -  ,,,,,,,,
dataType, userId ,Device,object,angleType,elapsed time,overall task elapsed time, errorType,error distance
1,53,1,1,0,5.22187662124634,5.22187662124634,0,4.42179346084595
1,53,1,1,1,8.26061248779297,13.4824891090393,0,8.69335651397705
1,53,1,1,1,6.40568733215332,19.8881764411926,0,14.11376953125
1,53,1,1,0,5.05158996582031,24.9397664070129,1,33.5445899963379
1,53,1,1,0,5.18147087097168,30.1212372779846,0,6.28148508071899
1,53,1,1,0,4.16633605957031,34.2875733375549,0,9.64575958251953
1,53,1,1,0,13.7795486450195,48.0671219825745,1,18.1607761383057
1,53,1,1,1,16.5730972290039,64.6402192115784,0,12.9132900238037
1,53,1,1,1,5.81964111328125,70.4598603248596,0,10.4492206573486
1,53,1,1,0,5.58558654785156,76.0454468727112,1,19.7601127624512
1,53,1,1,1,15.1347503662109,91.1801972389221,0,10.1697664260864
1,53,1,1,1,14.0645294189453,105.244726657867,0,7.33033323287964
0,[Device Ends At04/10/2014 11:01:25 -- Overall Times ] 105.244726657867[Overall error] 155.484253406525  ,,,,,,,,
