0,[User:29 - Device:0 - Object:0 - BoundingBoxType:0 - time:04/06/2014 14:07:36] :: -  ,,,,,,,,
dataType, userId ,Device,object,angleType,elapsed time,overall task elapsed time, errorType,error distance
1,29,0,0,3,9.83874797821045,9.83874797821045,1,23.5043392181396
1,29,0,0,3,6.23888111114502,16.0776290893555,0,12.0163021087646
1,29,0,0,3,2.89146423339844,18.9690933227539,2,179.500030517578
0,[User:29 - Device:0 - Object:0 - BoundingBoxType:0 - time:04/06/2014 14:10:09] :: -  ,,,,,,,,
dataType, userId ,Device,object,angleType,elapsed time,overall task elapsed time, errorType,error distance
1,29,0,0,3,14.3047103881836,14.3047103881836,0,2.86325645446777
1,29,0,0,3,9.26033020019531,23.5650405883789,0,4.11018943786621
1,29,0,0,3,25.0013542175293,48.5663948059082,0,6.28260707855225
1,29,0,0,3,8.630859375,57.1972541809082,0,3.01298356056213
1,29,0,0,3,13.6938171386719,70.8910713195801,0,10.6880226135254
1,29,0,0,3,14.3746871948242,85.2657585144043,0,7.95646095275879
1,29,0,0,3,4.79270935058594,90.0584678649902,0,11.9408283233643
1,29,0,0,3,11.3051681518555,101.363636016846,0,8.62968063354492
1,29,0,0,3,12.2899627685547,113.6535987854,0,8.88535594940186
1,29,0,0,3,9.91865539550781,123.572254180908,0,2.97638916969299
1,29,0,0,3,6.77174377441406,130.343997955322,0,8.04516315460205
1,29,0,0,3,7.91360473632813,138.25760269165,0,2.24199557304382
0,[Device Ends At04/06/2014 14:12:41 -- Overall Times ] 138.25760269165[Overall error] 77.6329329013824  ,,,,,,,,
0,[User:29 - Device:3 - Object:0 - BoundingBoxType:0 - time:04/06/2014 14:18:15] :: -  ,,,,,,,,
dataType, userId ,Device,object,angleType,elapsed time,overall task elapsed time, errorType,error distance
1,29,3,0,3,5.34417724609375,5.34417724609375,0,10.2847127914429
1,29,3,0,3,3.63903045654297,8.98320770263672,0,6.0564284324646
1,29,3,0,3,5.30537414550781,14.2885818481445,0,10.4509449005127
1,29,3,0,3,4.04129791259766,18.3298797607422,0,9.4622049331665
1,29,3,0,3,3.86289215087891,22.1927719116211,0,15.3674011230469
1,29,3,0,3,2.81145477294922,25.0042266845703,0,12.6636171340942
1,29,3,0,3,4.40022277832031,29.4044494628906,0,9.3944730758667
1,29,3,0,3,3.27524566650391,32.6796951293945,0,10.6972599029541
1,29,3,0,3,3.69675445556641,36.3764495849609,0,10.3860244750977
1,29,3,0,3,5.37250518798828,41.7489547729492,0,7.17067909240723
1,29,3,0,3,3.71139526367188,45.4603500366211,0,10.0933427810669
1,29,3,0,3,4.34695434570313,49.8073043823242,0,8.6463680267334
0,[Device Ends At04/06/2014 14:20:30 -- Overall Times ] 49.8073043823242[Overall error] 120.673456668854  ,,,,,,,,
0,[User:29 - Device:2 - Object:0 - BoundingBoxType:0 - time:04/06/2014 14:26:51] :: -  ,,,,,,,,
dataType, userId ,Device,object,angleType,elapsed time,overall task elapsed time, errorType,error distance
1,29,2,0,3,4.97916960716248,4.97916960716248,0,8.29833030700684
1,29,2,0,3,6.33610343933105,11.3152730464935,0,13.4195690155029
1,29,2,0,3,6.82629776000977,18.1415708065033,0,10.8869705200195
1,29,2,0,3,5.18318557739258,23.3247563838959,0,7.2866096496582
1,29,2,0,3,4.03231239318848,27.3570687770844,0,9.80401706695557
1,29,2,0,3,4.73047256469727,32.0875413417816,0,13.1352138519287
1,29,2,0,3,4.21340560913086,36.3009469509125,0,3.39485692977905
1,29,2,0,3,4.16345977783203,40.4644067287445,0,11.2952823638916
1,29,2,0,3,6.75757217407227,47.2219789028168,0,7.28994131088257
1,29,2,0,3,5.43443298339844,52.6564118862152,0,12.5221214294434
1,29,2,0,3,7.10744094848633,59.7638528347015,0,4.13620090484619
1,29,2,0,3,4.44818115234375,64.2120339870453,0,14.350905418396
0,[Device Ends At04/06/2014 14:27:59 -- Overall Times ] 64.2120339870453[Overall error] 115.820018768311  ,,,,,,,,
0,[User:29 - Device:4 - Object:1 - BoundingBoxType:0 - time:04/06/2014 14:33:51] :: -  ,,,,,,,,
dataType, userId ,Device,object,angleType,elapsed time,overall task elapsed time, errorType,error distance
0,[User:29 - Device:4 - Object:1 - BoundingBoxType:0 - time:04/06/2014 14:35:30] :: -  ,,,,,,,,
dataType, userId ,Device,object,angleType,elapsed time,overall task elapsed time, errorType,error distance
1,29,4,1,3,10.7428157329559,10.7428157329559,1,19.6902503967285
1,29,4,1,3,10.7863149642944,21.5291306972504,1,21.1291007995605
1,29,4,1,3,23.794979095459,45.3241097927094,1,20.6238918304443
1,29,4,1,3,7.74411773681641,53.0682275295258,1,19.5421772003174
1,29,4,1,3,6.30302047729492,59.3712480068207,0,10.9111356735229
1,29,4,1,3,4.34941864013672,63.7206666469574,1,18.0969161987305
1,29,4,1,3,7.32692718505859,71.047593832016,0,8.6299524307251
1,29,4,1,3,6.91970062255859,77.9672944545746,0,7.34207677841187
1,29,4,1,3,5.37300872802734,83.3403031826019,0,6.21203804016113
1,29,4,1,3,5.284912109375,88.6252152919769,1,22.9987144470215
1,29,4,1,3,6.61830139160156,95.2435166835785,1,20.6943988800049
1,29,4,1,3,5.63552093505859,100.879037618637,0,7.24392127990723
0,[Device Ends At04/06/2014 14:37:15 -- Overall Times ] 100.879037618637[Overall error] 183.114573955536  ,,,,,,,,
0,[User:29 - Device:1 - Object:0 - BoundingBoxType:0 - time:04/06/2014 14:45:16] :: -  ,,,,,,,,
dataType, userId ,Device,object,angleType,elapsed time,overall task elapsed time, errorType,error distance
1,29,1,0,3,5.10414886474609,5.10414886474609,0,7.5785083770752
1,29,1,0,3,3.68153762817383,8.78568649291992,0,1.98181629180908
1,29,1,0,3,4.47999572753906,13.265682220459,0,9.38262176513672
1,29,1,0,3,6.93142700195313,20.1971092224121,0,9.35694885253906
1,29,1,0,3,3.82257080078125,24.0196800231934,0,1.59393441677094
1,29,1,0,3,6.84609985351563,30.865779876709,0,7.19423246383667
1,29,1,0,3,6.43770599365234,37.3034858703613,0,10.1804733276367
1,29,1,0,3,6.46962738037109,43.7731132507324,0,16.7252883911133
1,29,1,0,3,8.09173583984375,51.8648490905762,0,5.58492231369019
1,29,1,0,3,6.10575103759766,57.9706001281738,0,7.33834266662598
1,29,1,0,3,5.66616058349609,63.6367607116699,0,14.4468803405762
1,29,1,0,3,7.64346313476563,71.2802238464355,0,7.36093425750732
0,[Device Ends At04/06/2014 14:47:24 -- Overall Times ] 71.2802238464355[Overall error] 98.7249034643173  ,,,,,,,,
