0,[User:20 - Device:4 - Object:0 - BoundingBoxType:0 - time:04/03/2014 18:10:53] :: 1  ,,,,,,,,
dataType, userId ,Device,object,angleType,elapsed time,overall task elapsed time, errorType,error distance
1,20,4,0,0,7.18796062469482,7.18796062469482,0,13.0502106334056
1,20,4,0,1,4.58096599578857,11.7689266204834,0,14.7913742436346
1,20,4,0,0,4.04623508453369,15.8151617050171,0,6.9519536386678
1,20,4,0,0,4.4838981628418,20.2990598678589,0,6.69165452050428
1,20,4,0,1,4.99781799316406,25.2968778610229,1,21.1213630250599
1,20,4,0,1,6.90787696838379,32.2047548294067,2,259.938406879767
1,20,4,0,0,4.48210525512695,36.6868600845337,1,18.9576124693282
1,20,4,0,1,9.61624145507813,46.3031015396118,1,28.1168655502843
1,20,4,0,1,9.75057220458984,56.0536737442017,1,30.241601877876
1,20,4,0,0,3.79757690429688,59.8512506484985,0,13.9901336936492
1,20,4,0,1,9.2794189453125,69.130669593811,0,14.463790626266
1,20,4,0,0,8.22931671142578,77.3599863052368,0,12.7090494939226
0,[Device Ends At04/03/2014 18:12:15 -- Overall Times ] 77.3599863052368[Overall error] 441.024016652365  ,,,,,,,,
0,[User:20 - Device:4 - Object:1 - BoundingBoxType:0 - time:04/03/2014 18:13:02] :: 1  ,,,,,,,,
dataType, userId ,Device,object,angleType,elapsed time,overall task elapsed time, errorType,error distance
1,20,4,1,0,3.21889877319336,3.21889877319336,0,12.5145327730988
1,20,4,1,1,6.78589916229248,10.0047979354858,0,13.1901994854448
1,20,4,1,1,3.14079284667969,13.1455907821655,2,58.3535986734588
1,20,4,1,0,2.85985565185547,16.005446434021,0,4.861017087189
1,20,4,1,0,3.54359436035156,19.5490407943726,0,7.81423902666719
1,20,4,1,1,8.25089645385742,27.79993724823,2,86.0222853009943
1,20,4,1,1,4.89616775512695,32.6961050033569,0,5.65857175363182
1,20,4,1,0,2.344482421875,35.0405874252319,0,7.9290771221942
1,20,4,1,1,6.13343811035156,41.1740255355835,1,23.7724795439902
1,20,4,1,0,2.17490386962891,43.3489294052124,1,33.3870477582083
1,20,4,1,1,6.18990325927734,49.5388326644897,0,12.628514220023
1,20,4,1,0,2.0919075012207,51.6307401657104,1,21.1280299288633
0,[Device Ends At04/03/2014 18:14:04 -- Overall Times ] 51.6307401657104[Overall error] 287.259592673764  ,,,,,,,,
0,[User:20 - Device:2 - Object:1 - BoundingBoxType:0 - time:04/03/2014 18:22:03] :: 1  ,,,,,,,,
dataType, userId ,Device,object,angleType,elapsed time,overall task elapsed time, errorType,error distance
1,20,2,1,0,5.32480525970459,5.32480525970459,2,55.1407856956553
1,20,2,1,1,3.63204860687256,8.95685386657715,0,8.64584271352553
1,20,2,1,1,6.20135116577148,15.1582050323486,1,18.9891609821689
1,20,2,1,1,5.30592346191406,20.4641284942627,0,3.76455567072721
1,20,2,1,1,2.8714714050293,23.335599899292,2,41.4357635732794
1,20,2,1,0,4.1982421875,27.533842086792,2,42.3619951133597
1,20,2,1,1,4.96695327758789,32.5007953643799,2,34.1784183526337
1,20,2,1,1,5.3680305480957,37.8688259124756,0,9.73305678671013
1,20,2,1,0,3.18411254882813,41.0529384613037,2,87.0205005670474
1,20,2,1,0,4.44702911376953,45.4999675750732,0,15.5784600373679
1,20,2,1,0,9.21034622192383,54.7103137969971,2,34.2728028107818
1,20,2,1,0,18.3287086486816,73.0390224456787,1,24.8112211700222
0,[Device Ends At04/03/2014 18:23:24 -- Overall Times ] 73.0390224456787[Overall error] 375.932563473279  ,,,,,,,,
0,[User:20 - Device:2 - Object:0 - BoundingBoxType:0 - time:04/03/2014 18:23:35] :: 1  ,,,,,,,,
dataType, userId ,Device,object,angleType,elapsed time,overall task elapsed time, errorType,error distance
1,20,2,0,0,6.45247364044189,6.45247364044189,0,10.4181027104216
1,20,2,0,1,9.14443016052246,15.5969038009644,2,38.6519699426564
1,20,2,0,0,4.39791679382324,19.9948205947876,0,12.6381391550781
1,20,2,0,1,4.98534393310547,24.9801645278931,0,8.00616546260735
1,20,2,0,1,6.42927932739258,31.4094438552856,0,7.75512990750329
1,20,2,0,0,6.1802978515625,37.5897417068481,1,27.0996186865789
1,20,2,0,1,6.33606719970703,43.9258089065552,0,10.4061944221988
1,20,2,0,0,3.39487075805664,47.3206796646118,2,51.3135286169019
1,20,2,0,0,6.87606811523438,54.1967477798462,0,5.60749931111975
1,20,2,0,1,6.27044677734375,60.4671945571899,0,4.15951499470457
1,20,2,0,0,2.37409210205078,62.8412866592407,0,12.7010917953786
1,20,2,0,1,7.35811614990234,70.1994028091431,0,14.673132674563
0,[Device Ends At04/03/2014 18:24:59 -- Overall Times ] 70.1994028091431[Overall error] 203.430087679712  ,,,,,,,,
0,[User:20 - Device:3 - Object:1 - BoundingBoxType:0 - time:04/03/2014 18:30:36] :: 1  ,,,,,,,,
dataType, userId ,Device,object,angleType,elapsed time,overall task elapsed time, errorType,error distance
1,20,3,1,0,7.50235557556152,7.50235557556152,0,12.594512476392
1,20,3,1,1,9.45069885253906,16.9530544281006,0,11.3326814354133
1,20,3,1,1,14.9645729064941,31.9176273345947,1,24.4373609991531
1,20,3,1,1,12.9278030395508,44.8454303741455,0,5.8226283740049
1,20,3,1,0,8.81423187255859,53.6596622467041,1,19.4631757452807
1,20,3,1,1,17.3090438842773,70.9687061309814,1,20.4926558376939
1,20,3,1,0,9.14735412597656,80.116060256958,0,13.2061343452203
1,20,3,1,0,8.19342803955078,88.3094882965088,0,15.8617802545717
1,20,3,1,1,6.10764312744141,94.4171314239502,1,29.0728349577117
1,20,3,1,0,13.1257400512695,107.54287147522,0,14.8061364357899
1,20,3,1,1,8.79689788818359,116.339769363403,1,26.8096453103951
1,20,3,1,0,3.46162414550781,119.801393508911,0,10.599604449837
0,[Device Ends At04/03/2014 18:32:45 -- Overall Times ] 119.801393508911[Overall error] 204.499150621464  ,,,,,,,,
0,[User:20 - Device:3 - Object:0 - BoundingBoxType:0 - time:04/03/2014 18:32:54] :: 1  ,,,,,,,,
dataType, userId ,Device,object,angleType,elapsed time,overall task elapsed time, errorType,error distance
1,20,3,0,1,8.43929624557495,8.43929624557495,0,7.19584337090154
1,20,3,0,0,5.88745403289795,14.3267502784729,0,10.0601113012677
1,20,3,0,1,8.44546890258789,22.7722191810608,1,20.4530833435736
1,20,3,0,0,4.96732330322266,27.7395424842834,1,30.6170538075564
1,20,3,0,0,3.54567718505859,31.285219669342,0,5.64670572447813
1,20,3,0,1,8.83340072631836,40.1186203956604,1,27.5083750597617
1,20,3,0,1,5.24779510498047,45.3664155006409,1,17.6880389075663
1,20,3,0,0,4.5166015625,49.8830170631409,0,12.5857839175611
1,20,3,0,0,4.21187210083008,54.0948891639709,0,15.7192031737039
1,20,3,0,1,3.87928771972656,57.9741768836975,0,5.87248172772194
1,20,3,0,0,3.99782180786133,61.9719986915588,0,11.2672179598791
1,20,3,0,1,9.95178985595703,71.9237885475159,0,12.697237309583
0,[Device Ends At04/03/2014 18:34:11 -- Overall Times ] 71.9237885475159[Overall error] 177.311135603554  ,,,,,,,,
0,[User:20 - Device:3 - Object:1 - BoundingBoxType:0 - time:04/03/2014 18:39:48] :: 1  ,,,,,,,,
dataType, userId ,Device,object,angleType,elapsed time,overall task elapsed time, errorType,error distance
0,[User:20 - Device:1 - Object:0 - BoundingBoxType:0 - time:04/03/2014 18:40:05] :: 1  ,,,,,,,,
dataType, userId ,Device,object,angleType,elapsed time,overall task elapsed time, errorType,error distance
1,20,1,0,0,7.47979998588562,7.47979998588562,0,10.0496831260138
1,20,1,0,1,3.86166667938232,11.3414666652679,2,35.6150083330273
1,20,1,0,1,7.35731887817383,18.6987855434418,0,1.48453947646453
1,20,1,0,0,6.02065849304199,24.7194440364838,0,7.86421109434129
1,20,1,0,0,4.06350708007813,28.7829511165619,1,21.7570973843796
1,20,1,0,0,5.50621795654297,34.2891690731049,0,13.8001768187738
1,20,1,0,1,6.81972885131836,41.1088979244232,0,10.7443367567447
1,20,1,0,1,10.585521697998,51.6944196224213,0,5.51000145744591
1,20,1,0,0,5.25590515136719,56.9503247737885,0,12.2472152259189
1,20,1,0,1,8.82513046264648,65.7754552364349,0,5.00516302887995
1,20,1,0,1,9.39965057373047,75.1751058101654,0,8.17737553009762
1,20,1,0,0,4.83251953125,80.0076253414154,0,9.52928895609696
0,[Device Ends At04/03/2014 18:41:28 -- Overall Times ] 80.0076253414154[Overall error] 141.784097188184  ,,,,,,,,
0,[User:20 - Device:1 - Object:1 - BoundingBoxType:0 - time:04/03/2014 18:41:38] :: 1  ,,,,,,,,
dataType, userId ,Device,object,angleType,elapsed time,overall task elapsed time, errorType,error distance
1,20,1,1,0,6.89704942703247,6.89704942703247,0,16.7159486903553
1,20,1,1,1,9.28148365020752,16.17853307724,0,15.1187794450752
1,20,1,1,1,9.33977127075195,25.5183043479919,0,16.345041577889
1,20,1,1,1,6.66561889648438,32.1839232444763,2,58.6058884627816
1,20,1,1,1,12.375602722168,44.5595259666443,1,25.2563331903755
1,20,1,1,0,6.02494430541992,50.5844702720642,0,13.2984699829864
1,20,1,1,1,4.16187286376953,54.7463431358337,1,24.3211148320737
1,20,1,1,1,7.61133575439453,62.3576788902283,0,14.0111733907682
1,20,1,1,0,3.35646820068359,65.7141470909119,0,8.31567266562085
1,20,1,1,0,4.83642578125,70.5505728721619,0,15.5962343446569
1,20,1,1,0,4.47908782958984,75.0296607017517,0,11.6302316079952
1,20,1,1,0,4.1318359375,79.1614966392517,0,3.73814985096455
0,[Device Ends At04/03/2014 18:43:01 -- Overall Times ] 79.1614966392517[Overall error] 222.953038041542  ,,,,,,,,
0,[User:20 - Device:0 - Object:0 - BoundingBoxType:0 - time:04/03/2014 18:49:43] :: 1  ,,,,,,,,
dataType, userId ,Device,object,angleType,elapsed time,overall task elapsed time, errorType,error distance
1,20,0,0,0,3.22476434707642,3.22476434707642,0,9.78252429237047
1,20,0,0,0,2.97761726379395,6.20238161087036,1,22.3910040224558
1,20,0,0,0,5.43975353240967,11.64213514328,0,9.50023240950217
1,20,0,0,0,2.85477256774902,14.4969077110291,0,10.8116770332688
1,20,0,0,1,6.32155609130859,20.8184638023376,1,22.265045080665
1,20,0,0,1,5.63537979125977,26.4538435935974,2,46.9120363219244
1,20,0,0,1,7.01293182373047,33.4667754173279,0,15.6217641851277
1,20,0,0,1,8.00518417358398,41.4719595909119,0,11.2369025901824
1,20,0,0,0,3.86502456665039,45.3369841575623,0,5.53641993609981
1,20,0,0,0,4.22910690307617,49.5660910606384,0,7.20593108545324
1,20,0,0,1,4.21501922607422,53.7811102867126,1,20.8401082858007
1,20,0,0,1,7.59606552124023,61.3771758079529,0,12.2029256916249
0,[Device Ends At04/03/2014 18:50:50 -- Overall Times ] 61.3771758079529[Overall error] 194.306570934476  ,,,,,,,,
0,[User:20 - Device:0 - Object:1 - BoundingBoxType:0 - time:04/03/2014 18:51:01] :: 1  ,,,,,,,,
dataType, userId ,Device,object,angleType,elapsed time,overall task elapsed time, errorType,error distance
1,20,0,1,0,4.06075286865234,4.06075286865234,0,10.8167197452652
1,20,0,1,0,2.37529850006104,6.43605136871338,0,16.6990036606897
1,20,0,1,1,6.97871208190918,13.4147634506226,2,57.0661044963051
1,20,0,1,1,6.8349552154541,20.2497186660767,1,26.1529938431224
1,20,0,1,1,5.41978645324707,25.6695051193237,1,19.205607089601
1,20,0,1,1,5.56710052490234,31.2366056442261,1,22.9343654668101
1,20,0,1,0,3.86361694335938,35.1002225875854,0,15.5296144033282
1,20,0,1,0,6.50750350952148,41.6077260971069,0,7.20799032674844
1,20,0,1,1,13.1488265991211,54.756552696228,2,41.1512206429813
1,20,0,1,0,4.91046142578125,59.6670141220093,0,11.8160040327553
1,20,0,1,1,8.54548645019531,68.2125005722046,1,24.2955048097608
1,20,0,1,0,3.94774627685547,72.1602468490601,2,65.6743312964344
0,[Device Ends At04/03/2014 18:52:24 -- Overall Times ] 72.1602468490601[Overall error] 318.549459813802  ,,,,,,,,
