0,[User:24 - Device:4 - Object:1 - BoundingBoxType:0 - time:04/05/2014 12:05:02] :: 1  ,,,,,,,,
dataType, userId ,Device,object,angleType,elapsed time,overall task elapsed time, errorType,error distance
1,24,4,1,3,6.00240904092789,6.00240904092789,0,5.94446182250977
1,24,4,1,3,5.55130243301392,11.5537114739418,2,70.2962417602539
1,24,4,1,3,7.48028087615967,19.0339923501015,1,32.3888244628906
1,24,4,1,3,0.998588562011719,20.0325809121132,2,175.99462890625
0,[User:24 - Device:4 - Object:1 - BoundingBoxType:0 - time:04/05/2014 12:07:04] :: 1  ,,,,,,,,
dataType, userId ,Device,object,angleType,elapsed time,overall task elapsed time, errorType,error distance
1,24,4,1,3,25.2556648254395,25.2556648254395,0,13.3725461959839
1,24,4,1,3,10.4821853637695,35.737850189209,0,10.6097812652588
1,24,4,1,3,10.7199554443359,46.4578056335449,0,13.6206827163696
1,24,4,1,3,8.94883728027344,55.4066429138184,0,7.54245567321777
1,24,4,1,3,11.0864562988281,66.4930992126465,0,1.98615610599518
1,24,4,1,3,7.07437133789063,73.5674705505371,0,13.8374929428101
1,24,4,1,3,11.1386413574219,84.706111907959,0,14.3420429229736
1,24,4,1,3,10.9689636230469,95.6750755310059,0,4.15790987014771
1,24,4,1,3,13.831428527832,109.506504058838,0,7.53300046920776
1,24,4,1,3,11.10302734375,120.609531402588,0,7.16434192657471
1,24,4,1,3,7.29168701171875,127.901218414307,0,4.6049656867981
1,24,4,1,3,4.80021667480469,132.701435089111,0,9.98781681060791
0,[Device Ends At04/05/2014 12:09:40 -- Overall Times ] 132.701435089111[Overall error] 108.759192585945  ,,,,,,,,
0,[User:24 - Device:3 - Object:0 - BoundingBoxType:0 - time:04/05/2014 12:22:16] :: 1  ,,,,,,,,
dataType, userId ,Device,object,angleType,elapsed time,overall task elapsed time, errorType,error distance
1,24,3,0,3,11.7684555053711,11.7684555053711,0,6.4273943901062
1,24,3,0,3,5.95024490356445,17.7187004089355,0,9.50393295288086
1,24,3,0,3,6.77294921875,24.4916496276855,0,12.2351379394531
1,24,3,0,3,7.78062438964844,32.272274017334,0,11.5831956863403
1,24,3,0,3,7.23731994628906,39.509593963623,0,5.12981796264648
1,24,3,0,3,8.04832458496094,47.557918548584,0,1.08929097652435
1,24,3,0,3,9.82907867431641,57.3869972229004,0,7.49338626861572
1,24,3,0,3,4.55060577392578,61.9376029968262,0,2.97507405281067
1,24,3,0,3,8.32742309570313,70.2650260925293,0,1.61926782131195
1,24,3,0,3,6.1724853515625,76.4375114440918,0,2.605623960495
1,24,3,0,3,7.35544586181641,83.7929573059082,0,11.7258148193359
1,24,3,0,3,11.1729278564453,94.9658851623535,0,3.83285069465637
0,[Device Ends At04/05/2014 12:24:42 -- Overall Times ] 94.9658851623535[Overall error] 76.220787525177  ,,,,,,,,
0,[User:24 - Device:2 - Object:0 - BoundingBoxType:0 - time:04/05/2014 12:33:16] :: 1  ,,,,,,,,
dataType, userId ,Device,object,angleType,elapsed time,overall task elapsed time, errorType,error distance
1,24,2,0,3,4.22343444824219,4.22343444824219,0,11.7727937698364
1,24,2,0,3,4.56493377685547,8.78836822509766,0,3.72744297981262
1,24,2,0,3,8.22708892822266,17.0154571533203,0,7.7124080657959
1,24,2,0,3,4.83621978759766,21.851676940918,0,5.04253721237183
1,24,2,0,3,4.98433685302734,26.8360137939453,0,2.61701464653015
1,24,2,0,3,5.63218688964844,32.4682006835938,0,7.92123699188232
1,24,2,0,3,8.26104736328125,40.729248046875,0,5.77502202987671
1,24,2,0,3,8.66364288330078,49.3928909301758,0,7.01253175735474
1,24,2,0,3,6.97563934326172,56.3685302734375,0,6.22551155090332
1,24,2,0,3,6.50273895263672,62.8712692260742,0,5.0933632850647
1,24,2,0,3,8.1781005859375,71.0493698120117,0,4.13847160339355
1,24,2,0,3,6.40449523925781,77.4538650512695,0,3.91749382019043
0,[Device Ends At04/05/2014 12:35:45 -- Overall Times ] 77.4538650512695[Overall error] 70.9558277130127  ,,,,,,,,
0,[User:24 - Device:0 - Object:1 - BoundingBoxType:0 - time:04/05/2014 12:43:16] :: 1  ,,,,,,,,
dataType, userId ,Device,object,angleType,elapsed time,overall task elapsed time, errorType,error distance
1,24,0,1,3,7.73490905761719,7.73490905761719,1,27.6890144348145
1,24,0,1,3,13.2441024780273,20.9790115356445,0,8.08663177490234
1,24,0,1,3,12.1080322265625,33.087043762207,0,12.062349319458
1,24,0,1,3,11.3211059570313,44.4081497192383,0,3.60162115097046
1,24,0,1,3,7.86028289794922,52.2684326171875,1,27.9794387817383
1,24,0,1,3,7.49266052246094,59.7610931396484,0,10.6476850509644
1,24,0,1,3,8.04473114013672,67.8058242797852,0,8.79442405700684
1,24,0,1,3,7.57521820068359,75.3810424804688,0,14.1497507095337
1,24,0,1,3,5.66928100585938,81.0503234863281,0,8.34380149841309
1,24,0,1,3,5.95828247070313,87.0086059570313,1,17.5569553375244
1,24,0,1,3,5.011962890625,92.0205688476563,0,11.8898944854736
1,24,0,1,3,7.3958740234375,99.4164428710938,0,5.21533966064453
0,[Device Ends At04/05/2014 12:45:56 -- Overall Times ] 99.4164428710938[Overall error] 156.016906261444  ,,,,,,,,
0,[User:24 - Device:1 - Object:1 - BoundingBoxType:0 - time:04/05/2014 12:53:58] :: 1  ,,,,,,,,
dataType, userId ,Device,object,angleType,elapsed time,overall task elapsed time, errorType,error distance
1,24,1,1,3,11.7309417724609,11.7309417724609,0,3.58200597763062
1,24,1,1,3,9.83523559570313,21.5661773681641,0,10.1710777282715
1,24,1,1,3,9.67992401123047,31.2461013793945,1,17.5926322937012
1,24,1,1,3,11.974250793457,43.2203521728516,0,4.69487428665161
1,24,1,1,3,7.39131164550781,50.6116638183594,0,8.08537197113037
1,24,1,1,3,7.15870666503906,57.7703704833984,0,9.673583984375
1,24,1,1,3,13.5130920410156,71.2834625244141,0,3.05734252929688
1,24,1,1,3,8.44476318359375,79.7282257080078,1,20.5490474700928
1,24,1,1,3,8.16236877441406,87.8905944824219,0,11.970799446106
1,24,1,1,3,12.2297973632813,100.120391845703,0,3.32331418991089
1,24,1,1,3,10.4296417236328,110.550033569336,0,7.68595743179321
1,24,1,1,3,7.99325561523438,118.54328918457,0,3.98898077011108
0,[Device Ends At04/05/2014 12:57:15 -- Overall Times ] 118.54328918457[Overall error] 104.374988079071  ,,,,,,,,
