0,[User:27 - Device:2 - Object:0 - BoundingBoxType:0 - time:04/05/2014 22:22:37] :: -  ,,,,,,,,
dataType, userId ,Device,object,angleType,elapsed time,overall task elapsed time, errorType,error distance
1,27,2,0,3,10.6175587177277,10.6175587177277,0,3.81052374839783
1,27,2,0,3,6.95554733276367,17.5731060504913,0,7.1844277381897
1,27,2,0,3,5.46805191040039,23.0411579608917,1,23.0693550109863
1,27,2,0,3,1.19317436218262,24.2343323230743,2,179.067260742188
0,[User:27 - Device:2 - Object:0 - BoundingBoxType:0 - time:04/05/2014 22:25:20] :: -  ,,,,,,,,
dataType, userId ,Device,object,angleType,elapsed time,overall task elapsed time, errorType,error distance
1,27,2,0,3,14.446741104126,14.446741104126,0,5.04315805435181
1,27,2,0,3,21.280818939209,35.727560043335,0,7.91757678985596
1,27,2,0,3,13.0959129333496,48.8234729766846,0,7.53632688522339
1,27,2,0,3,8.74420166015625,57.5676746368408,0,5.93180274963379
1,27,2,0,3,3.46314239501953,61.0308170318604,0,6.59398174285889
1,27,2,0,3,5.25125122070313,66.2820682525635,0,8.0867280960083
1,27,2,0,3,4.1624755859375,70.444543838501,0,8.04457855224609
1,27,2,0,3,3.62981414794922,74.0743579864502,0,7.33225679397583
1,27,2,0,3,4.7156982421875,78.7900562286377,0,6.86729574203491
1,27,2,0,3,4.39936828613281,83.1894245147705,0,12.697078704834
1,27,2,0,3,3.78110504150391,86.9705295562744,0,12.612979888916
1,27,2,0,3,3.32481384277344,90.2953433990479,0,9.83553886413574
0,[Device Ends At04/05/2014 22:27:07 -- Overall Times ] 90.2953433990479[Overall error] 98.4993028640747  ,,,,,,,,
0,[User:27 - Device:3 - Object:0 - BoundingBoxType:0 - time:04/05/2014 22:40:31] :: -  ,,,,,,,,
dataType, userId ,Device,object,angleType,elapsed time,overall task elapsed time, errorType,error distance
1,27,3,0,3,4.58448791503906,4.58448791503906,0,9.41122341156006
1,27,3,0,3,5.71995544433594,10.304443359375,0,15.2995662689209
1,27,3,0,3,5.60219573974609,15.9066390991211,0,15.5136289596558
1,27,3,0,3,5.63594055175781,21.5425796508789,0,7.3591251373291
1,27,3,0,3,5.98703765869141,27.5296173095703,0,9.67220687866211
1,27,3,0,3,3.3277587890625,30.8573760986328,0,12.1755809783936
1,27,3,0,3,3.69573211669922,34.553108215332,0,16.0176239013672
1,27,3,0,3,5.94092559814453,40.4940338134766,0,5.88754796981812
1,27,3,0,3,4.93573760986328,45.4297714233398,0,10.9604520797729
1,27,3,0,3,5.12737274169922,50.5571441650391,0,10.9694595336914
1,27,3,0,3,3.31568908691406,53.8728332519531,0,6.28148508071899
1,27,3,0,3,4.12741088867188,58.000244140625,0,11.8817148208618
0,[Device Ends At04/05/2014 22:42:25 -- Overall Times ] 58.000244140625[Overall error] 131.429615020752  ,,,,,,,,
0,[User:27 - Device:4 - Object:0 - BoundingBoxType:0 - time:04/05/2014 22:50:33] :: -  ,,,,,,,,
dataType, userId ,Device,object,angleType,elapsed time,overall task elapsed time, errorType,error distance
1,27,4,0,3,6.65295791625977,6.65295791625977,0,13.9216089248657
1,27,4,0,3,5.05088806152344,11.7038459777832,0,8.09224796295166
1,27,4,0,3,7.74245452880859,19.4463005065918,0,7.97602844238281
1,27,4,0,3,4.98271942138672,24.4290199279785,0,11.7182559967041
1,27,4,0,3,6.09482574462891,30.5238456726074,0,11.493504524231
1,27,4,0,3,4.15826416015625,34.6821098327637,0,7.13322782516479
1,27,4,0,3,4.14661407470703,38.8287239074707,0,14.1640501022339
1,27,4,0,3,6.94113159179688,45.7698554992676,0,6.51981353759766
1,27,4,0,3,7.50814819335938,53.278003692627,0,3.09601473808289
1,27,4,0,3,5.52276611328125,58.8007698059082,0,3.3439781665802
1,27,4,0,3,5.32138824462891,64.1221580505371,0,12.1176738739014
1,27,4,0,3,4.76156616210938,68.8837242126465,0,8.26418113708496
0,[Device Ends At04/05/2014 22:52:43 -- Overall Times ] 68.8837242126465[Overall error] 107.840585231781  ,,,,,,,,
0,[User:27 - Device:1 - Object:1 - BoundingBoxType:0 - time:04/05/2014 23:01:08] :: -  ,,,,,,,,
dataType, userId ,Device,object,angleType,elapsed time,overall task elapsed time, errorType,error distance
1,27,1,1,3,9.05515670776367,9.05515670776367,0,16.6988754272461
1,27,1,1,3,3.69508934020996,12.7502460479736,0,8.95028114318848
1,27,1,1,3,5.03363990783691,17.7838859558105,0,16.0152206420898
1,27,1,1,3,5.88880157470703,23.6726875305176,0,12.1494045257568
1,27,1,1,3,3.29323577880859,26.9659233093262,0,13.5308227539063
1,27,1,1,3,4.09642791748047,31.0623512268066,0,3.03601765632629
1,27,1,1,3,4.41851806640625,35.4808692932129,0,7.30046319961548
1,27,1,1,3,3.29194641113281,38.7728157043457,0,10.2283973693848
1,27,1,1,3,4.2137336730957,42.9865493774414,1,18.2744197845459
1,27,1,1,3,5.58616638183594,48.5727157592773,0,14.9231214523315
1,27,1,1,3,2.69258117675781,51.2652969360352,0,8.89531421661377
1,27,1,1,3,3.69708251953125,54.9623794555664,0,10.5861148834229
0,[Device Ends At04/05/2014 23:02:22 -- Overall Times ] 54.9623794555664[Overall error] 140.588453054428  ,,,,,,,,
0,[User:27 - Device:0 - Object:0 - BoundingBoxType:0 - time:04/05/2014 23:08:29] :: -  ,,,,,,,,
dataType, userId ,Device,object,angleType,elapsed time,overall task elapsed time, errorType,error distance
1,27,0,0,3,9.13720703125,9.13720703125,0,11.9635925292969
1,27,0,0,3,7.27841567993164,16.4156227111816,1,20.2100257873535
1,27,0,0,3,7.38672256469727,23.8023452758789,0,14.6614894866943
1,27,0,0,3,5.05052185058594,28.8528671264648,0,7.49004030227661
1,27,0,0,3,5.06791305541992,33.9207801818848,0,14.7894582748413
1,27,0,0,3,5.70323181152344,39.6240119934082,0,12.6918888092041
1,27,0,0,3,5.05040740966797,44.6744194030762,0,5.05525302886963
1,27,0,0,3,5.10495758056641,49.7793769836426,0,6.72521543502808
1,27,0,0,3,5.59748077392578,55.3768577575684,0,9.89725303649902
1,27,0,0,3,5.150146484375,60.5270042419434,0,8.22598743438721
1,27,0,0,3,2.62862396240234,63.1556282043457,0,10.7420816421509
1,27,0,0,3,3.91156768798828,67.067195892334,0,12.0781354904175
0,[Device Ends At04/05/2014 23:10:00 -- Overall Times ] 67.067195892334[Overall error] 134.530421257019  ,,,,,,,,
