0,[User:46 - Device:0 - Object:1 - BoundingBoxType:0 - time:04/09/2014 10:08:13] :: -  ,,,,,,,,
dataType, userId ,Device,object,angleType,elapsed time,overall task elapsed time, errorType,error distance
1,46,0,1,3,11.7033169865608,11.7033169865608,1,29.7899112701416
1,46,0,1,3,5.88904762268066,17.5923646092415,0,9.77231407165527
1,46,0,1,3,1.27345848083496,18.8658230900764,2,178.52473449707
0,[User:46 - Device:0 - Object:1 - BoundingBoxType:0 - time:04/09/2014 10:10:20] :: -  ,,,,,,,,
dataType, userId ,Device,object,angleType,elapsed time,overall task elapsed time, errorType,error distance
1,46,0,1,3,20.2219333648682,20.2219333648682,0,3.64246869087219
1,46,0,1,3,22.9781837463379,43.2001171112061,1,18.0546092987061
1,46,0,1,3,16.0718688964844,59.2719860076904,0,3.32778668403625
1,46,0,1,3,12.5239334106445,71.795919418335,0,16.4824295043945
1,46,0,1,3,6.71012878417969,78.5060482025146,0,8.52840995788574
1,46,0,1,3,5.06581878662109,83.5718669891357,0,4.97799921035767
1,46,0,1,3,7.59574890136719,91.1676158905029,0,7.57675123214722
1,46,0,1,3,8.52626037597656,99.6938762664795,0,3.96476864814758
1,46,0,1,3,8.72788238525391,108.421758651733,0,10.1138973236084
1,46,0,1,3,5.42044067382813,113.842199325562,0,1.65181016921997
1,46,0,1,3,4.56373596191406,118.405935287476,0,12.484299659729
1,46,0,1,3,3.93403625488281,122.339971542358,1,29.8449687957764
0,[Device Ends At04/09/2014 10:12:41 -- Overall Times ] 122.339971542358[Overall error] 120.650199174881  ,,,,,,,,
0,[User:46 - Device:3 - Object:0 - BoundingBoxType:0 - time:04/09/2014 10:22:16] :: -  ,,,,,,,,
dataType, userId ,Device,object,angleType,elapsed time,overall task elapsed time, errorType,error distance
1,46,3,0,3,16.095263004303,16.095263004303,0,7.44251918792725
1,46,3,0,3,2.62618446350098,18.721447467804,0,8.02742195129395
1,46,3,0,3,3.47794151306152,22.1993889808655,1,20.0342063903809
1,46,3,0,3,5.25176811218262,27.4511570930481,0,11.0661487579346
1,46,3,0,3,4.75098037719727,32.2021374702454,1,19.8991088867188
1,46,3,0,3,7.33998107910156,39.5421185493469,1,23.5047397613525
1,46,3,0,3,6.19138717651367,45.7335057258606,0,8.00484943389893
1,46,3,0,3,4.61187744140625,50.3453831672668,1,31.1091823577881
1,46,3,0,3,3.29965972900391,53.6450428962708,1,20.9830513000488
1,46,3,0,3,4.34366226196289,57.9887051582336,0,7.77109050750732
1,46,3,0,3,4.79882431030273,62.7875294685364,2,38.7200202941895
1,46,3,0,3,3.98256683349609,66.7700963020325,0,3.76110339164734
0,[Device Ends At04/09/2014 10:23:28 -- Overall Times ] 66.7700963020325[Overall error] 200.323442220688  ,,,,,,,,
0,[User:46 - Device:2 - Object:0 - BoundingBoxType:0 - time:04/09/2014 10:32:46] :: -  ,,,,,,,,
dataType, userId ,Device,object,angleType,elapsed time,overall task elapsed time, errorType,error distance
1,46,2,0,3,6.87019515037537,6.87019515037537,0,9.50657081604004
1,46,2,0,3,5.0975170135498,11.9677121639252,0,5.59024715423584
1,46,2,0,3,4.56277847290039,16.5304906368256,0,14.8240718841553
1,46,2,0,3,3.06053733825684,19.5910279750824,0,7.40083360671997
1,46,2,0,3,3.26154518127441,22.8525731563568,0,12.8228979110718
1,46,2,0,3,3.88017463684082,26.7327477931976,0,16.3556251525879
1,46,2,0,3,5.40634918212891,32.1390969753265,0,11.2039928436279
1,46,2,0,3,4.12815856933594,36.2672555446625,0,14.8933229446411
1,46,2,0,3,4.68438339233398,40.9516389369965,0,9.47776126861572
1,46,2,0,3,3.60780715942383,44.5594460964203,0,16.554557800293
1,46,2,0,3,5.06790542602539,49.6273515224457,0,7.41711330413818
1,46,2,0,3,7.52475738525391,57.1521089076996,1,21.8820362091064
0,[Device Ends At04/09/2014 10:33:46 -- Overall Times ] 57.1521089076996[Overall error] 147.929030895233  ,,,,,,,,
0,[User:46 - Device:1 - Object:0 - BoundingBoxType:0 - time:04/09/2014 10:40:50] :: -  ,,,,,,,,
dataType, userId ,Device,object,angleType,elapsed time,overall task elapsed time, errorType,error distance
1,46,1,0,3,8.11845350265503,8.11845350265503,0,11.0735845565796
1,46,1,0,3,7.42560005187988,15.5440535545349,1,18.6269245147705
1,46,1,0,3,6.09166145324707,21.635715007782,0,8.64600563049316
1,46,1,0,3,4.54566192626953,26.1813769340515,0,13.2332048416138
1,46,1,0,3,6.55642890930176,32.7378058433533,0,3.40544724464417
1,46,1,0,3,3.8792839050293,36.6170897483826,0,13.0024518966675
1,46,1,0,3,3.99557876586914,40.6126685142517,0,10.6615886688232
1,46,1,0,3,2.64254760742188,43.2552161216736,0,15.6600532531738
1,46,1,0,3,5.08470153808594,48.3399176597595,0,7.49505758285522
1,46,1,0,3,3.57980346679688,51.9197211265564,0,13.1470918655396
1,46,1,0,3,4.71590423583984,56.6356253623962,0,7.39352798461914
1,46,1,0,3,4.46626663208008,61.1018919944763,0,5.9618239402771
0,[Device Ends At04/09/2014 10:41:54 -- Overall Times ] 61.1018919944763[Overall error] 128.306761980057  ,,,,,,,,
0,[User:46 - Device:4 - Object:0 - BoundingBoxType:0 - time:04/09/2014 10:52:07] :: -  ,,,,,,,,
dataType, userId ,Device,object,angleType,elapsed time,overall task elapsed time, errorType,error distance
1,46,4,0,3,12.8544850349426,12.8544850349426,0,9.19450950622559
1,46,4,0,3,5.71969795227051,18.5741829872131,1,17.2122535705566
1,46,4,0,3,4.65386199951172,23.2280449867249,0,14.7818155288696
1,46,4,0,3,3.42389678955078,26.6519417762756,0,15.7370738983154
1,46,4,0,3,8.73180389404297,35.3837456703186,0,9.73624229431152
1,46,4,0,3,5.70170593261719,41.0854516029358,0,13.1052618026733
1,46,4,0,3,6.35381317138672,47.4392647743225,0,16.091625213623
1,46,4,0,3,6.07266616821289,53.5119309425354,0,13.0008230209351
1,46,4,0,3,10.020092010498,63.5320229530334,2,47.2953720092773
1,46,4,0,3,14.3965454101563,77.9285683631897,1,25.0205345153809
1,46,4,0,3,3.51539611816406,81.4439644813538,0,9.78705787658691
1,46,4,0,3,2.73734283447266,84.1813073158264,0,12.8566789627075
0,[Device Ends At04/09/2014 10:53:39 -- Overall Times ] 84.1813073158264[Overall error] 203.819248199463  ,,,,,,,,
