0,[User:51 - Device:1 - Object:0 - BoundingBoxType:0 - time:04/09/2014 22:10:14] :: -  ,,,,,,,,
dataType, userId ,Device,object,angleType,elapsed time,overall task elapsed time, errorType,error distance
1,51,1,0,0,5.86456727981567,5.86456727981567,0,13.9024896621704
1,51,1,0,0,7.14335823059082,13.0079255104065,0,13.8441820144653
1,51,1,0,1,4.21486663818359,17.2227921485901,0,16.0680389404297
1,51,1,0,0,10.2493057250977,27.4720978736877,1,25.8178634643555
1,51,1,0,1,6.87322998046875,34.3453278541565,0,10.4349594116211
1,51,1,0,0,7.94864654541016,42.2939743995667,1,18.5712585449219
1,51,1,0,1,4.5972900390625,46.8912644386292,0,11.9910221099854
1,51,1,0,0,7.58823394775391,54.4794983863831,0,1.78262543678284
1,51,1,0,0,4.18227767944336,58.6617760658264,0,8.97301197052002
1,51,1,0,1,6.1220703125,64.7838463783264,0,5.87729787826538
1,51,1,0,1,4.66438293457031,69.4482293128967,0,14.2126083374023
1,51,1,0,1,6.55595397949219,76.0041832923889,0,9.49122714996338
0,[Device Ends At04/09/2014 22:11:37 -- Overall Times ] 76.0041832923889[Overall error] 150.966584920883  ,,,,,,,,
0,[User:51 - Device:1 - Object:1 - BoundingBoxType:0 - time:04/09/2014 22:11:49] :: -  ,,,,,,,,
dataType, userId ,Device,object,angleType,elapsed time,overall task elapsed time, errorType,error distance
1,51,1,1,0,3.30392551422119,3.30392551422119,1,30.4113082885742
1,51,1,1,0,4.02798366546631,7.3319091796875,1,29.2627639770508
1,51,1,1,1,14.4001731872559,21.7320823669434,0,4.0998911857605
1,51,1,1,1,35.5527420043945,57.2848243713379,0,6.8954062461853
1,51,1,1,1,7.27826690673828,64.5630912780762,1,20.8340263366699
1,51,1,1,1,7.64335632324219,72.2064476013184,1,19.5635757446289
1,51,1,1,1,9.72829437255859,81.934741973877,0,6.05086612701416
1,51,1,1,0,7.89451599121094,89.8292579650879,0,4.68435668945313
1,51,1,1,0,7.14344024658203,96.9726982116699,0,11.9732885360718
1,51,1,1,0,7.32231140136719,104.295009613037,1,29.2281360626221
1,51,1,1,0,6.09039306640625,110.385402679443,0,9.03002262115479
1,51,1,1,1,11.7720108032227,122.157413482666,1,23.0813426971436
0,[Device Ends At04/09/2014 22:14:02 -- Overall Times ] 122.157413482666[Overall error] 195.114984512329  ,,,,,,,,
0,[User:51 - Device:0 - Object:1 - BoundingBoxType:0 - time:04/09/2014 22:20:13] :: -  ,,,,,,,,
dataType, userId ,Device,object,angleType,elapsed time,overall task elapsed time, errorType,error distance
1,51,0,1,1,14.3677581548691,14.3677581548691,0,8.42192554473877
1,51,0,1,1,7.60596466064453,21.9737228155136,1,27.2151775360107
1,51,0,1,1,9.38288879394531,31.3566116094589,1,18.2061634063721
1,51,0,1,1,7.32475280761719,38.6813644170761,1,27.7459869384766
1,51,0,1,0,5.05067825317383,43.7320426702499,0,13.6200485229492
1,51,0,1,0,7.04325103759766,50.7752937078476,0,13.6952419281006
1,51,0,1,1,6.46972274780273,57.2450164556503,0,10.9409809112549
1,51,0,1,0,5.81937789916992,63.0643943548203,0,3.38215112686157
1,51,0,1,0,6.1036376953125,69.1680320501328,0,11.6031455993652
1,51,0,1,0,4.60273742675781,73.7707694768906,1,21.0227375030518
1,51,0,1,0,4.77900695800781,78.5497764348984,0,7.60945081710815
1,51,0,1,1,11.2552261352539,89.8050025701523,0,14.0870590209961
0,[Device Ends At04/09/2014 22:21:45 -- Overall Times ] 89.8050025701523[Overall error] 177.550068855286  ,,,,,,,,
0,[User:51 - Device:0 - Object:0 - BoundingBoxType:0 - time:04/09/2014 22:21:54] :: -  ,,,,,,,,
dataType, userId ,Device,object,angleType,elapsed time,overall task elapsed time, errorType,error distance
1,51,0,0,1,6.15848082304001,6.15848082304001,0,10.8090047836304
1,51,0,0,1,10.8670706748962,17.0255514979362,0,12.1275053024292
1,51,0,0,0,5.95563316345215,22.9811846613884,0,7.51707553863525
1,51,0,0,0,5.15233421325684,28.1335188746452,1,17.8103313446045
1,51,0,0,0,4.96604919433594,33.0995680689812,0,8.19985294342041
1,51,0,0,1,5.50028610229492,38.5998541712761,0,15.9035339355469
1,51,0,0,1,7.26259231567383,45.8624464869499,0,10.0480518341064
1,51,0,0,0,6.50182723999023,52.3642737269402,1,27.4131603240967
1,51,0,0,0,2.72647857666016,55.0907523036003,1,25.965030670166
1,51,0,0,1,8.52742385864258,63.6181761622429,0,13.6322555541992
1,51,0,0,1,7.45787811279297,71.0760542750359,0,7.491295337677
1,51,0,0,0,3.57975006103516,74.655804336071,0,14.7103881835938
0,[Device Ends At04/09/2014 22:23:10 -- Overall Times ] 74.655804336071[Overall error] 171.627485752106  ,,,,,,,,
0,[User:51 - Device:4 - Object:0 - BoundingBoxType:0 - time:04/09/2014 22:28:27] :: -  ,,,,,,,,
dataType, userId ,Device,object,angleType,elapsed time,overall task elapsed time, errorType,error distance
1,51,4,0,1,10.3118062019348,10.3118062019348,0,12.0922803878784
1,51,4,0,1,5.05032825469971,15.3621344566345,0,7.77643013000488
1,51,4,0,0,3.12734603881836,18.4894804954529,0,16.2079372406006
1,51,4,0,1,6.22211456298828,24.7115950584412,0,2.86243629455566
1,51,4,0,0,4.1962833404541,28.9078783988953,0,11.9070281982422
1,51,4,0,0,4.34872817993164,33.2566065788269,0,7.95281791687012
1,51,4,0,0,3.66594696044922,36.9225535392761,0,7.56992530822754
1,51,4,0,1,9.36103057861328,46.2835841178894,0,7.18061113357544
1,51,4,0,0,2.81460571289063,49.09818983078,1,17.3361892700195
1,51,4,0,1,4.89524459838867,53.9934344291687,1,19.4800205230713
1,51,4,0,1,8.13134384155273,62.1247782707214,0,5.46488618850708
1,51,4,0,0,6.10157775878906,68.2263560295105,1,17.5062656402588
0,[Device Ends At04/09/2014 22:29:40 -- Overall Times ] 68.2263560295105[Overall error] 133.336828231812  ,,,,,,,,
0,[User:51 - Device:4 - Object:1 - BoundingBoxType:0 - time:04/09/2014 22:31:16] :: -  ,,,,,,,,
dataType, userId ,Device,object,angleType,elapsed time,overall task elapsed time, errorType,error distance
1,51,4,1,1,4.55458414554596,4.55458414554596,0,12.3066482543945
1,51,4,1,1,5.63504552841187,10.1896296739578,1,21.7510185241699
1,51,4,1,1,5.01793193817139,15.2075616121292,1,25.7585773468018
1,51,4,1,1,7.77602577209473,22.9835873842239,1,32.8533210754395
1,51,4,1,1,4.24998474121094,27.2335721254349,1,24.4261207580566
1,51,4,1,0,5.51520538330078,32.7487775087357,1,23.6202869415283
1,51,4,1,0,7.84381103515625,40.5925885438919,0,15.9379596710205
1,51,4,1,1,9.49929046630859,50.0918790102005,0,12.0531148910522
1,51,4,1,0,5.88636779785156,55.9782468080521,0,9.35477161407471
1,51,4,1,0,8.27768707275391,64.255933880806,0,11.4990968704224
1,51,4,1,0,5.15016174316406,69.40609562397,0,11.2987518310547
1,51,4,1,0,7.00833892822266,76.4144345521927,1,17.0113067626953
0,[Device Ends At04/09/2014 22:32:34 -- Overall Times ] 76.4144345521927[Overall error] 217.87097454071  ,,,,,,,,
0,[User:51 - Device:2 - Object:1 - BoundingBoxType:0 - time:04/09/2014 22:41:06] :: -  ,,,,,,,,
dataType, userId ,Device,object,angleType,elapsed time,overall task elapsed time, errorType,error distance
1,51,2,1,0,10.7098293304443,10.7098293304443,2,34.8979682922363
1,51,2,1,1,4.19771099090576,14.9075403213501,1,19.4168167114258
1,51,2,1,1,9.3996639251709,24.307204246521,0,11.5762901306152
1,51,2,1,0,5.53513717651367,29.8423414230347,1,28.001579284668
1,51,2,1,0,11.5892601013184,41.431601524353,0,14.7147636413574
1,51,2,1,1,9.18251800537109,50.6141195297241,0,11.1003112792969
1,51,2,1,1,3.41389083862305,54.0280103683472,0,4.47091770172119
1,51,2,1,1,9.76284408569336,63.7908544540405,1,19.8721714019775
1,51,2,1,0,4.28209686279297,68.0729513168335,0,13.2739839553833
1,51,2,1,0,2.75865173339844,70.8316030502319,1,22.7912292480469
1,51,2,1,1,16.5231552124023,87.3547582626343,0,7.97062492370605
1,51,2,1,0,5.10531616210938,92.4600744247437,0,16.1352424621582
0,[Device Ends At04/09/2014 22:42:42 -- Overall Times ] 92.4600744247437[Overall error] 204.221899032593  ,,,,,,,,
0,[User:51 - Device:2 - Object:0 - BoundingBoxType:0 - time:04/09/2014 22:42:49] :: -  ,,,,,,,,
dataType, userId ,Device,object,angleType,elapsed time,overall task elapsed time, errorType,error distance
1,51,2,0,0,2.30302178859711,2.30302178859711,0,16.6175880432129
1,51,2,0,1,7.27590656280518,9.57892835140228,0,10.4532699584961
1,51,2,0,1,11.3373699188232,20.9162982702255,0,12.072096824646
1,51,2,0,0,4.13064575195313,25.0469440221787,0,12.1214256286621
1,51,2,0,1,6.20626640319824,31.2532104253769,0,11.1745681762695
1,51,2,0,0,2.72319793701172,33.9764083623886,0,10.0215768814087
1,51,2,0,1,8.37834548950195,42.3547538518906,0,13.0080003738403
1,51,2,0,0,2.10894012451172,44.4636939764023,0,3.21557283401489
1,51,2,0,0,5.12079620361328,49.5844901800156,0,9.7379322052002
1,51,2,0,1,7.70477294921875,57.2892631292343,0,4.23310708999634
1,51,2,0,1,10.2682228088379,67.5574859380722,0,11.1476669311523
1,51,2,0,0,3.27744293212891,70.8349288702011,0,6.66286039352417
0,[Device Ends At04/09/2014 22:44:02 -- Overall Times ] 70.8349288702011[Overall error] 120.465665340424  ,,,,,,,,
0,[User:51 - Device:3 - Object:0 - BoundingBoxType:0 - time:04/09/2014 22:51:21] :: -  ,,,,,,,,
dataType, userId ,Device,object,angleType,elapsed time,overall task elapsed time, errorType,error distance
1,51,3,0,1,6.3069863319397,6.3069863319397,0,11.0271902084351
1,51,3,0,1,5.98798274993896,12.2949690818787,0,8.96681022644043
1,51,3,0,0,6.72019577026367,19.0151648521423,0,14.0921268463135
1,51,3,0,0,5.07118606567383,24.0863509178162,0,6.90766143798828
1,51,3,0,1,7.70622444152832,31.7925753593445,0,6.37675428390503
1,51,3,0,1,9.19756317138672,40.9901385307312,0,4.5464506149292
1,51,3,0,0,4.13077163696289,45.1209101676941,0,6.416663646698
1,51,3,0,0,4.39937210083008,49.5202822685242,0,5.78504657745361
1,51,3,0,1,7.5078125,57.0280947685242,0,6.92555141448975
1,51,3,0,0,15.1554107666016,72.1835055351257,0,8.38173961639404
1,51,3,0,1,7.42337036132813,79.6068758964539,0,1.36599266529083
1,51,3,0,0,7.74326324462891,87.3501391410828,0,8.44607543945313
0,[Device Ends At04/09/2014 22:52:51 -- Overall Times ] 87.3501391410828[Overall error] 89.2380629777908  ,,,,,,,,
0,[User:51 - Device:3 - Object:1 - BoundingBoxType:0 - time:04/09/2014 22:53:00] :: -  ,,,,,,,,
dataType, userId ,Device,object,angleType,elapsed time,overall task elapsed time, errorType,error distance
1,51,3,1,1,5.97408819198608,5.97408819198608,0,13.3660917282104
1,51,3,1,1,5.48130416870117,11.4553923606873,0,5.11177635192871
1,51,3,1,0,3.7850341796875,15.2404265403748,0,7.11519861221313
1,51,3,1,1,10.5212440490723,25.761670589447,0,9.99370002746582
1,51,3,1,0,3.82698440551758,29.5886549949646,0,4.3912353515625
1,51,3,1,0,5.21298980712891,34.8016448020935,0,1.59736800193787
1,51,3,1,0,12.7115936279297,47.5132384300232,0,11.4570903778076
1,51,3,1,0,3.20931243896484,50.722550868988,0,6.83231019973755
1,51,3,1,1,4.18057632446289,54.9031271934509,1,20.0782165527344
1,51,3,1,1,10.6868553161621,65.589982509613,0,5.19985342025757
1,51,3,1,1,9.45329284667969,75.0432753562927,0,4.33200359344482
1,51,3,1,0,3.79139709472656,78.8346724510193,0,9.85114288330078
0,[Device Ends At04/09/2014 22:54:21 -- Overall Times ] 78.8346724510193[Overall error] 99.3259871006012  ,,,,,,,,
