0,[User:34 - Device:1 - Object:1 - BoundingBoxType:0 - time:04/07/2014 12:24:20] :: -  ,,,,,,,,
dataType, userId ,Device,object,angleType,elapsed time,overall task elapsed time, errorType,error distance
1,34,1,1,1,8.27155804634094,8.27155804634094,1,27.1936855316162
1,34,1,1,1,14.6485452651978,22.9201033115387,0,5.01404333114624
1,34,1,1,1,10.9208316802979,33.8409349918365,0,13.2629280090332
1,34,1,1,1,10.7535858154297,44.5945208072662,0,12.6550054550171
1,34,1,1,0,18.6153221130371,63.2098429203033,2,44.458366394043
1,34,1,1,1,6.00244903564453,69.2122919559479,0,7.90064144134521
1,34,1,1,1,24.1833724975586,93.3956644535065,0,5.80828046798706
1,34,1,1,0,6.45371246337891,99.8493769168854,0,9.99793243408203
1,34,1,1,0,21.4069747924805,121.256351709366,0,16.372184753418
1,34,1,1,0,6.08649444580078,127.342846155167,0,5.92400932312012
1,34,1,1,0,7.70954895019531,135.052395105362,0,9.22556114196777
1,34,1,1,0,7.74296569824219,142.795360803604,2,39.921085357666
0,[Device Ends At04/07/2014 12:26:46 -- Overall Times ] 142.795360803604[Overall error] 197.733723640442  ,,,,,,,,
0,[User:34 - Device:1 - Object:0 - BoundingBoxType:0 - time:04/07/2014 12:26:57] :: -  ,,,,,,,,
dataType, userId ,Device,object,angleType,elapsed time,overall task elapsed time, errorType,error distance
1,34,1,0,1,29.7083871364594,29.7083871364594,1,17.3523616790771
1,34,1,0,1,9.46763229370117,39.1760194301605,1,31.7947807312012
1,34,1,0,0,7.52227783203125,46.6982972621918,0,6.54343271255493
1,34,1,0,1,29.7856101989746,76.4839074611664,0,7.72732257843018
1,34,1,0,0,9.38381958007813,85.8677270412445,0,13.1303758621216
1,34,1,0,0,14.1465682983398,100.014295339584,0,3.96437382698059
1,34,1,0,1,14.934440612793,114.948735952377,0,8.39910507202148
1,34,1,0,0,5.60171508789063,120.550451040268,0,6.89972066879272
1,34,1,0,0,9.38311004638672,129.933561086655,0,6.37835073471069
1,34,1,0,1,15.3517456054688,145.285306692123,0,7.22746801376343
1,34,1,0,1,8.54508972167969,153.830396413803,0,8.74493217468262
1,34,1,0,0,9.47589111328125,163.306287527084,0,14.0063972473145
0,[Device Ends At04/07/2014 12:29:43 -- Overall Times ] 163.306287527084[Overall error] 132.168621301651  ,,,,,,,,
0,[User:34 - Device:2 - Object:0 - BoundingBoxType:0 - time:04/07/2014 12:38:25] :: -  ,,,,,,,,
dataType, userId ,Device,object,angleType,elapsed time,overall task elapsed time, errorType,error distance
1,34,2,0,1,10.6910467147827,10.6910467147827,0,8.06645774841309
1,34,2,0,0,9.91806221008301,20.6091089248657,0,13.1404085159302
1,34,2,0,0,10.6530094146729,31.2621183395386,0,5.2358660697937
1,34,2,0,1,10.3673629760742,41.6294813156128,1,20.1715297698975
1,34,2,0,0,9.0604248046875,50.6899061203003,1,17.8499984741211
1,34,2,0,0,17.6989097595215,68.3888158798218,0,3.58593773841858
1,34,2,0,1,12.558219909668,80.9470357894897,0,3.13670659065247
1,34,2,0,1,14.8537139892578,95.8007497787476,1,22.7415008544922
1,34,2,0,1,23.0089340209961,118.809683799744,0,10.4624881744385
1,34,2,0,1,11.9760665893555,130.785750389099,0,8.0272274017334
1,34,2,0,0,7.03823852539063,137.82398891449,0,6.74533033370972
1,34,2,0,0,6.13937377929688,143.963362693787,0,12.2167940139771
0,[Device Ends At04/07/2014 12:40:52 -- Overall Times ] 143.963362693787[Overall error] 131.380245685577  ,,,,,,,,
0,[User:34 - Device:2 - Object:1 - BoundingBoxType:0 - time:04/07/2014 12:41:02] :: -  ,,,,,,,,
dataType, userId ,Device,object,angleType,elapsed time,overall task elapsed time, errorType,error distance
1,34,2,1,1,13.9723162651062,13.9723162651062,0,8.21645927429199
1,34,2,1,1,8.31095123291016,22.2832674980164,1,29.7766742706299
1,34,2,1,1,10.3669910430908,32.6502585411072,1,17.65407371521
1,34,2,1,1,9.5350341796875,42.1852927207947,1,26.8702621459961
1,34,2,1,0,15.4680633544922,57.6533560752869,0,11.8455619812012
1,34,2,1,0,18.8811874389648,76.5345435142517,0,1.64801502227783
1,34,2,1,0,8.41194152832031,84.946485042572,0,5.88262510299683
1,34,2,1,0,13.2454376220703,98.1919226646423,0,12.6280183792114
1,34,2,1,1,10.618293762207,108.810216426849,1,22.6088161468506
1,34,2,1,0,8.96559906005859,117.775815486908,0,5.44162607192993
1,34,2,1,1,10.8198928833008,128.595708370209,0,10.3379182815552
1,34,2,1,0,11.2880096435547,139.883718013763,0,14.0755243301392
0,[Device Ends At04/07/2014 12:43:25 -- Overall Times ] 139.883718013763[Overall error] 166.98557472229  ,,,,,,,,
0,[User:34 - Device:3 - Object:1 - BoundingBoxType:0 - time:04/07/2014 12:50:45] :: -  ,,,,,,,,
dataType, userId ,Device,object,angleType,elapsed time,overall task elapsed time, errorType,error distance
1,34,3,1,1,12.2188339233398,12.2188339233398,1,17.0668163299561
1,34,3,1,1,13.4958782196045,25.7147121429443,0,8.91537380218506
1,34,3,1,0,6.82279205322266,32.537504196167,0,9.57662200927734
1,34,3,1,1,10.5360069274902,43.0735111236572,1,21.9199714660645
1,34,3,1,0,10.7708587646484,53.8443698883057,1,17.0790557861328
1,34,3,1,0,9.73271942138672,63.5770893096924,0,12.812557220459
1,34,3,1,0,7.29197692871094,70.8690662384033,0,7.82623052597046
1,34,3,1,1,14.6528091430664,85.5218753814697,1,17.42844581604
1,34,3,1,0,11.4197158813477,96.9415912628174,0,9.77792453765869
1,34,3,1,1,10.4342269897461,107.375818252563,1,19.6660270690918
1,34,3,1,1,10.1863708496094,117.562189102173,0,9.52419376373291
1,34,3,1,0,8.22675323486328,125.788942337036,0,3.07215642929077
0,[Device Ends At04/07/2014 12:52:55 -- Overall Times ] 125.788942337036[Overall error] 154.665374755859  ,,,,,,,,
0,[User:34 - Device:3 - Object:0 - BoundingBoxType:0 - time:04/07/2014 12:53:05] :: -  ,,,,,,,,
dataType, userId ,Device,object,angleType,elapsed time,overall task elapsed time, errorType,error distance
1,34,3,0,0,14.1894106864929,14.1894106864929,1,21.1751346588135
1,34,3,0,1,12.6269512176514,26.8163619041443,0,9.32944202423096
1,34,3,0,0,7.1572151184082,33.9735770225525,0,4.18306303024292
1,34,3,0,1,7.89507675170898,41.8686537742615,1,17.8090953826904
1,34,3,0,0,10.6514549255371,52.5201086997986,0,6.71822500228882
1,34,3,0,0,7.52602005004883,60.0461287498474,0,6.30984449386597
1,34,3,0,1,11.3718528747559,71.4179816246033,0,4.91707515716553
1,34,3,0,1,10.5201187133789,81.9381003379822,0,11.7567319869995
1,34,3,0,0,8.12554168701172,90.0636420249939,1,21.6117839813232
1,34,3,0,1,8.84737396240234,98.9110159873962,1,17.3700122833252
1,34,3,0,0,15.7367172241211,114.647733211517,1,23.4047355651855
1,34,3,0,1,8.01020812988281,122.6579413414,0,12.3146753311157
0,[Device Ends At04/07/2014 12:55:11 -- Overall Times ] 122.6579413414[Overall error] 156.899818897247  ,,,,,,,,
0,[User:34 - Device:4 - Object:0 - BoundingBoxType:0 - time:04/07/2014 13:03:04] :: -  ,,,,,,,,
dataType, userId ,Device,object,angleType,elapsed time,overall task elapsed time, errorType,error distance
1,34,4,0,0,6.76427483558655,6.76427483558655,0,6.84078693389893
1,34,4,0,1,11.5824966430664,18.346771478653,0,8.87874031066895
1,34,4,0,1,10.0302028656006,28.3769743442535,0,7.19945573806763
1,34,4,0,1,8.65765762329102,37.0346319675446,0,9.46659374237061
1,34,4,0,0,10.40185546875,47.4364874362946,0,15.9813537597656
1,34,4,0,1,9.21294403076172,56.6494314670563,1,19.4991493225098
1,34,4,0,0,6.05954742431641,62.7089788913727,0,10.0222034454346
1,34,4,0,1,6.26662445068359,68.9756033420563,0,10.1562719345093
1,34,4,0,1,11.171142578125,80.1467459201813,0,5.93167066574097
1,34,4,0,0,7.93226623535156,88.0790121555328,1,17.8908958435059
1,34,4,0,0,9.06543731689453,97.1444494724274,0,16.4796199798584
1,34,4,0,0,7.07171630859375,104.216165781021,0,7.07867097854614
0,[Device Ends At04/07/2014 13:04:51 -- Overall Times ] 104.216165781021[Overall error] 135.425412654877  ,,,,,,,,
0,[User:34 - Device:4 - Object:1 - BoundingBoxType:0 - time:04/07/2014 13:06:20] :: -  ,,,,,,,,
dataType, userId ,Device,object,angleType,elapsed time,overall task elapsed time, errorType,error distance
1,34,4,1,0,7.29860210418701,7.29860210418701,0,16.4245300292969
1,34,4,1,1,15.620569229126,22.919171333313,0,5.83853435516357
1,34,4,1,1,7.64294815063477,30.5621194839478,0,9.06837844848633
1,34,4,1,0,10.1666717529297,40.7287912368774,0,11.2859773635864
1,34,4,1,1,8.74762344360352,49.476414680481,0,15.5788745880127
1,34,4,1,0,11.9737014770508,61.4501161575317,0,5.75587272644043
1,34,4,1,0,8.46576690673828,69.91588306427,1,18.2608222961426
1,34,4,1,1,10.1483001708984,80.0641832351685,0,14.1991853713989
1,34,4,1,1,10.1660842895508,90.2302675247192,0,11.1394367218018
1,34,4,1,1,11.9424438476563,102.172711372375,1,19.5825443267822
1,34,4,1,0,5.99072265625,108.163434028625,0,8.554274559021
1,34,4,1,0,6.38446044921875,114.547894477844,0,13.7246561050415
0,[Device Ends At04/07/2014 13:08:28 -- Overall Times ] 114.547894477844[Overall error] 149.413086891174  ,,,,,,,,
0,[User:34 - Device:0 - Object:0 - BoundingBoxType:0 - time:04/07/2014 13:15:37] :: -  ,,,,,,,,
dataType, userId ,Device,object,angleType,elapsed time,overall task elapsed time, errorType,error distance
1,34,0,0,1,9.09588754177094,9.09588754177094,0,10.4719982147217
1,34,0,0,0,6.48889446258545,15.5847820043564,0,7.27649927139282
1,34,0,0,0,9.73385620117188,25.3186382055283,0,3.35099339485168
1,34,0,0,1,10.3689517974854,35.6875900030136,0,7.37018585205078
1,34,0,0,0,7.49227142333984,43.1798614263535,0,6.65333318710327
1,34,0,0,0,8.16012954711914,51.3399909734726,0,3.72302985191345
1,34,0,0,0,11.4552001953125,62.7951911687851,0,7.35561275482178
1,34,0,0,1,12.7613220214844,75.5565131902695,0,7.99113893508911
1,34,0,0,1,11.9736785888672,87.5301917791367,0,8.97720146179199
1,34,0,0,1,9.66653442382813,97.1967262029648,0,5.25586605072021
1,34,0,0,1,6.90664672851563,104.10337293148,0,5.53874683380127
1,34,0,0,0,7.39182281494141,111.495195746422,0,10.9469976425171
0,[Device Ends At04/07/2014 13:17:30 -- Overall Times ] 111.495195746422[Overall error] 84.9116034507751  ,,,,,,,,
0,[User:34 - Device:0 - Object:1 - BoundingBoxType:0 - time:04/07/2014 13:17:39] :: -  ,,,,,,,,
dataType, userId ,Device,object,angleType,elapsed time,overall task elapsed time, errorType,error distance
1,34,0,1,0,9.13270878791809,9.13270878791809,0,7.70864963531494
1,34,0,1,1,6.92476940155029,16.0574781894684,0,15.3016185760498
1,34,0,1,0,10.6192722320557,26.676750421524,1,25.0823879241943
1,34,0,1,1,6.03771591186523,32.7144663333893,1,25.8451519012451
1,34,0,1,1,7.87663650512695,40.5911028385162,0,4.53662490844727
1,34,0,1,1,8.06342315673828,48.6545259952545,0,8.2117862701416
1,34,0,1,0,6.0161018371582,54.6706278324127,0,3.48047685623169
1,34,0,1,1,9.28329086303711,63.9539186954498,0,16.7516613006592
1,34,0,1,1,7.20761108398438,71.1615297794342,1,29.1769256591797
1,34,0,1,0,7.74295806884766,78.9044878482819,0,14.160005569458
1,34,0,1,0,6.48896789550781,85.3934557437897,0,11.1070184707642
1,34,0,1,0,7.03978729248047,92.4332430362701,1,18.9018173217773
0,[Device Ends At04/07/2014 13:19:16 -- Overall Times ] 92.4332430362701[Overall error] 180.264124393463  ,,,,,,,,
