0,[User:45 - Device:4 - Object:0 - BoundingBoxType:0 - time:04/09/2014 08:18:32] :: -  ,,,,,,,,
dataType, userId ,Device,object,angleType,elapsed time,overall task elapsed time, errorType,error distance
1,45,4,0,1,13.5076005458832,13.5076005458832,0,4.39640235900879
1,45,4,0,1,8.65897750854492,22.1665780544281,1,19.7710571289063
1,45,4,0,0,6.94153022766113,29.1081082820892,0,9.87862777709961
1,45,4,0,1,10.1656723022461,39.2737805843353,0,11.1113224029541
1,45,4,0,0,10.1832313537598,49.4570119380951,0,16.3563461303711
1,45,4,0,0,17.3603401184082,66.8173520565033,0,14.4174089431763
1,45,4,0,0,11.7393493652344,78.5567014217377,0,4.80481433868408
1,45,4,0,1,16.8065185546875,95.3632199764252,0,6.85291147232056
1,45,4,0,0,4.26446533203125,99.6276853084564,0,11.7468585968018
1,45,4,0,1,13.0947113037109,112.722396612167,1,19.6751041412354
1,45,4,0,1,14.4867782592773,127.209174871445,0,1.31995058059692
1,45,4,0,0,9.36170959472656,136.570884466171,0,9.72464561462402
0,[Device Ends At04/09/2014 08:20:52 -- Overall Times ] 136.570884466171[Overall error] 130.055449485779  ,,,,,,,,
0,[User:45 - Device:4 - Object:1 - BoundingBoxType:0 - time:04/09/2014 08:21:59] :: -  ,,,,,,,,
dataType, userId ,Device,object,angleType,elapsed time,overall task elapsed time, errorType,error distance
1,45,4,1,1,6.73066806793213,6.73066806793213,0,8.89205551147461
1,45,4,1,1,12.8314971923828,19.5621652603149,1,27.1012573242188
1,45,4,1,1,9.41089057922363,28.9730558395386,1,19.7638130187988
1,45,4,1,1,20.0363388061523,49.0093946456909,0,13.982400894165
1,45,4,1,1,20.3676872253418,69.3770818710327,1,24.5274238586426
1,45,4,1,0,4.85453796386719,74.2316198348999,0,12.26305103302
1,45,4,1,0,4.49504852294922,78.7266683578491,0,9.0775318145752
1,45,4,1,1,6.85523986816406,85.5819082260132,0,6.03272151947021
1,45,4,1,0,7.27395629882813,92.8558645248413,0,4.92995548248291
1,45,4,1,0,8.38455963134766,101.240424156189,0,3.93225359916687
1,45,4,1,0,4.24751281738281,105.487936973572,0,12.8488073348999
1,45,4,1,0,3.24061584472656,108.728552818298,1,21.1574687957764
0,[Device Ends At04/09/2014 08:23:56 -- Overall Times ] 108.728552818298[Overall error] 164.508740186691  ,,,,,,,,
0,[User:45 - Device:3 - Object:1 - BoundingBoxType:0 - time:04/09/2014 08:31:25] :: -  ,,,,,,,,
dataType, userId ,Device,object,angleType,elapsed time,overall task elapsed time, errorType,error distance
1,45,3,1,1,8.48725938796997,8.48725938796997,0,2.67587399482727
1,45,3,1,1,11.1979150772095,19.6851744651794,0,2.96453094482422
1,45,3,1,0,6.58737754821777,26.2725520133972,1,17.18141746521
1,45,3,1,1,15.9028663635254,42.1754183769226,0,12.9626979827881
1,45,3,1,0,12.9645576477051,55.1399760246277,2,37.0577926635742
1,45,3,1,0,11.3542022705078,66.4941782951355,1,17.7251052856445
1,45,3,1,0,10.4659118652344,76.9600901603699,1,27.500883102417
1,45,3,1,0,7.00807189941406,83.9681620597839,0,6.14308071136475
1,45,3,1,1,9.569091796875,93.5372538566589,0,8.1945972442627
1,45,3,1,1,11.5083236694336,105.045577526093,1,17.9442729949951
1,45,3,1,1,12.6195068359375,117.66508436203,0,9.26640701293945
1,45,3,1,0,11.9913711547852,129.656455516815,0,16.6436557769775
0,[Device Ends At04/09/2014 08:33:39 -- Overall Times ] 129.656455516815[Overall error] 176.260315179825  ,,,,,,,,
0,[User:45 - Device:3 - Object:0 - BoundingBoxType:0 - time:04/09/2014 08:33:49] :: -  ,,,,,,,,
dataType, userId ,Device,object,angleType,elapsed time,overall task elapsed time, errorType,error distance
1,45,3,0,1,7.94272184371948,7.94272184371948,0,2.57084512710571
1,45,3,0,1,12.5434589385986,20.4861807823181,0,13.1478090286255
1,45,3,0,0,7.70816612243652,28.1943469047546,0,6.58102369308472
1,45,3,0,0,4.06867218017578,32.2630190849304,0,6.39502573013306
1,45,3,0,1,8.50803375244141,40.7710528373718,0,5.25705766677856
1,45,3,0,1,9.2144775390625,49.9855303764343,1,24.4053192138672
1,45,3,0,0,12.8633041381836,62.8488345146179,0,14.3349847793579
1,45,3,0,0,6.40424346923828,69.2530779838562,0,11.7938871383667
1,45,3,0,1,11.938850402832,81.1919283866882,0,14.4124011993408
1,45,3,0,0,8.89628601074219,90.0882143974304,0,8.91862392425537
1,45,3,0,1,10.7373886108398,100.82560300827,0,9.28853511810303
1,45,3,0,0,4.13265228271484,104.958255290985,0,9.82421875
0,[Device Ends At04/09/2014 08:35:39 -- Overall Times ] 104.958255290985[Overall error] 126.929731369019  ,,,,,,,,
0,[User:45 - Device:2 - Object:0 - BoundingBoxType:0 - time:04/09/2014 08:43:41] :: -  ,,,,,,,,
dataType, userId ,Device,object,angleType,elapsed time,overall task elapsed time, errorType,error distance
1,45,2,0,0,5.67621397972107,5.67621397972107,1,27.2403945922852
1,45,2,0,1,7.52476358413696,13.200977563858,0,2.90100789070129
1,45,2,0,1,9.34971523284912,22.5506927967072,0,4.33146142959595
1,45,2,0,0,11.5720520019531,34.1227447986603,0,11.8441724777222
1,45,2,0,1,17.7939224243164,51.9166672229767,0,14.6155433654785
1,45,2,0,0,7.56169128417969,59.4783585071564,0,7.73461818695068
1,45,2,0,1,11.5707664489746,71.049124956131,0,5.4470911026001
1,45,2,0,0,13.5791702270508,84.6282951831818,0,8.77007102966309
1,45,2,0,0,8.98206329345703,93.6103584766388,0,5.34918594360352
1,45,2,0,1,10.7514724731445,104.361830949783,0,5.31747579574585
1,45,2,0,1,7.29631042480469,111.658141374588,0,4.22625923156738
1,45,2,0,0,7.62127685546875,119.279418230057,0,4.39230537414551
0,[Device Ends At04/09/2014 08:45:42 -- Overall Times ] 119.279418230057[Overall error] 102.169586420059  ,,,,,,,,
0,[User:45 - Device:2 - Object:1 - BoundingBoxType:0 - time:04/09/2014 08:45:49] :: -  ,,,,,,,,
dataType, userId ,Device,object,angleType,elapsed time,overall task elapsed time, errorType,error distance
1,45,2,1,0,5.13480854034424,5.13480854034424,0,14.2418956756592
1,45,2,1,1,7.75957298278809,12.8943815231323,1,29.3062152862549
1,45,2,1,1,4.7674617767334,17.6618432998657,0,16.8429431915283
1,45,2,1,0,8.2663631439209,25.9282064437866,0,11.1681823730469
1,45,2,1,0,7.03607940673828,32.9642858505249,0,9.29106426239014
1,45,2,1,1,9.0306396484375,41.9949254989624,0,10.4948749542236
1,45,2,1,1,5.89141845703125,47.8863439559937,0,7.88009166717529
1,45,2,1,1,10.3843841552734,58.2707281112671,0,6.31951713562012
1,45,2,1,0,7.03511047363281,65.3058385848999,0,6.01790618896484
1,45,2,1,0,6.55597686767578,71.8618154525757,0,9.1579647064209
1,45,2,1,1,16.2902603149414,88.1520757675171,0,5.8536696434021
1,45,2,1,0,8.81378936767578,96.9658651351929,1,21.9826431274414
0,[Device Ends At04/09/2014 08:47:37 -- Overall Times ] 96.9658651351929[Overall error] 148.556968212128  ,,,,,,,,
0,[User:45 - Device:1 - Object:0 - BoundingBoxType:0 - time:04/09/2014 08:53:26] :: -  ,,,,,,,,
dataType, userId ,Device,object,angleType,elapsed time,overall task elapsed time, errorType,error distance
1,45,1,0,0,5.35255002975464,5.35255002975464,0,3.99329566955566
1,45,1,0,0,7.89165639877319,13.2442064285278,0,3.4176082611084
1,45,1,0,1,5.46919918060303,18.7134056091309,0,13.1085529327393
1,45,1,0,0,5.01576805114746,23.7291736602783,0,6.0418004989624
1,45,1,0,1,8.41381072998047,32.1429843902588,0,4.02881717681885
1,45,1,0,0,6.29054641723633,38.4335308074951,0,6.08969449996948
1,45,1,0,1,11.3345680236816,49.7680988311768,0,7.1584358215332
1,45,1,0,0,6.90847396850586,56.6765727996826,0,10.7460947036743
1,45,1,0,0,6.30369186401367,62.9802646636963,0,4.17012977600098
1,45,1,0,1,6.68859100341797,69.6688556671143,0,4.07768154144287
1,45,1,0,1,9.78495788574219,79.4538135528564,0,10.2785396575928
1,45,1,0,1,12.6103973388672,92.0642108917236,0,5.77624177932739
0,[Device Ends At04/09/2014 08:55:00 -- Overall Times ] 92.0642108917236[Overall error] 78.8868923187256  ,,,,,,,,
0,[User:45 - Device:1 - Object:1 - BoundingBoxType:0 - time:04/09/2014 08:55:08] :: -  ,,,,,,,,
dataType, userId ,Device,object,angleType,elapsed time,overall task elapsed time, errorType,error distance
1,45,1,1,0,5.71222376823425,5.71222376823425,1,18.8238334655762
1,45,1,1,0,6.62289476394653,12.3351185321808,0,15.0543022155762
1,45,1,1,1,5.3516845703125,17.6868031024933,0,10.2594594955444
1,45,1,1,1,7.60893821716309,25.2957413196564,0,7.41088104248047
1,45,1,1,1,6.89521789550781,32.1909592151642,0,9.43874073028564
1,45,1,1,1,12.253547668457,44.4445068836212,0,9.48272037506104
1,45,1,1,1,11.2904396057129,55.7349464893341,0,7.78589248657227
1,45,1,1,0,4.84712219238281,60.5820686817169,0,9.51431655883789
1,45,1,1,0,9.08086013793945,69.6629288196564,0,11.3241863250732
1,45,1,1,0,4.78435516357422,74.4472839832306,0,6.15352439880371
1,45,1,1,0,2.74197387695313,77.1892578601837,1,18.7697105407715
1,45,1,1,1,11.975456237793,89.1647140979767,0,5.43226528167725
0,[Device Ends At04/09/2014 08:56:39 -- Overall Times ] 89.1647140979767[Overall error] 129.44983291626  ,,,,,,,,
0,[User:45 - Device:0 - Object:1 - BoundingBoxType:0 - time:04/09/2014 09:02:51] :: -  ,,,,,,,,
dataType, userId ,Device,object,angleType,elapsed time,overall task elapsed time, errorType,error distance
1,45,0,1,1,7.87948679924011,7.87948679924011,0,11.631422996521
1,45,0,1,1,6.82617568969727,14.7056624889374,0,14.9413089752197
1,45,0,1,1,6.6695384979248,21.3752009868622,0,10.0962152481079
1,45,0,1,1,11.4218730926514,32.7970740795136,0,7.97367143630981
1,45,0,1,0,2.70977020263672,35.5068442821503,0,7.28639554977417
1,45,0,1,0,4.13100814819336,39.6378524303436,0,9.39247035980225
1,45,0,1,1,4.86773300170898,44.5055854320526,1,17.5535984039307
1,45,0,1,0,2.75771713256836,47.263302564621,1,26.1896076202393
1,45,0,1,0,8.0775260925293,55.3408286571503,0,6.46565914154053
1,45,0,1,0,5.53592681884766,60.8767554759979,0,10.5407791137695
1,45,0,1,0,3.91555023193359,64.7923057079315,0,9.67933464050293
1,45,0,1,1,7.67349243164063,72.4657981395721,0,14.4761304855347
0,[Device Ends At04/09/2014 09:04:07 -- Overall Times ] 72.4657981395721[Overall error] 146.226593971252  ,,,,,,,,
0,[User:45 - Device:0 - Object:0 - BoundingBoxType:0 - time:04/09/2014 09:04:17] :: -  ,,,,,,,,
dataType, userId ,Device,object,angleType,elapsed time,overall task elapsed time, errorType,error distance
1,45,0,0,1,6.97251844406128,6.97251844406128,0,10.0405616760254
1,45,0,0,1,5.50420570373535,12.4767241477966,0,5.27860879898071
1,45,0,0,0,8.19224548339844,20.6689696311951,0,10.9392614364624
1,45,0,0,0,6.33852767944336,27.0074973106384,0,6.13708686828613
1,45,0,0,0,4.51532173156738,31.5228190422058,0,9.51159763336182
1,45,0,0,1,0.0538711547851563,31.576690196991,2,93.5503463745117
1,45,0,0,1,9.38063049316406,40.957320690155,0,3.68222546577454
1,45,0,0,0,11.488452911377,52.445773601532,0,10.5245571136475
1,45,0,0,0,4.61662292480469,57.0623965263367,0,6.30351209640503
1,45,0,0,1,6.06782531738281,63.1302218437195,0,10.9594497680664
1,45,0,0,1,12.1582946777344,75.2885165214539,0,5.4411940574646
1,45,0,0,0,5.66948699951172,80.9580035209656,0,9.42320442199707
0,[Device Ends At04/09/2014 09:05:42 -- Overall Times ] 80.9580035209656[Overall error] 181.791605710983  ,,,,,,,,
