0,[User:50 - Device:0 - Object:0 - BoundingBoxType:0 - time:04/09/2014 20:16:38] :: -  ,,,,,,,,
dataType, userId ,Device,object,angleType,elapsed time,overall task elapsed time, errorType,error distance
1,50,0,0,3,9.22210508584976,9.22210508584976,1,19.1039867401123
1,50,0,0,3,5.50195598602295,14.7240610718727,0,1.67018806934357
1,50,0,0,3,1.33867931365967,16.0627403855324,2,101.902198791504
1,50,0,0,3,0.437091827392578,16.499832212925,2,111.133270263672
0,[User:50 - Device:0 - Object:0 - BoundingBoxType:0 - time:04/09/2014 20:18:50] :: -  ,,,,,,,,
dataType, userId ,Device,object,angleType,elapsed time,overall task elapsed time, errorType,error distance
1,50,0,0,3,13.4943156242371,13.4943156242371,0,11.0878744125366
1,50,0,0,3,10.8046894073486,24.2990050315857,0,9.48148059844971
1,50,0,0,3,10.8219203948975,35.1209254264832,0,3.47282123565674
1,50,0,0,3,10.1483955383301,45.2693209648132,0,6.1463942527771
1,50,0,0,3,8.16484069824219,53.4341616630554,0,5.02418231964111
1,50,0,0,3,13.4082069396973,66.8423686027527,0,2.86571598052979
1,50,0,0,3,8.24720001220703,75.0895686149597,0,6.94068813323975
1,50,0,0,3,11.1865310668945,86.2760996818542,0,8.36330604553223
1,50,0,0,3,7.50872802734375,93.784827709198,0,1.92166090011597
1,50,0,0,3,9.11343383789063,102.898261547089,0,3.98780298233032
1,50,0,0,3,6.40946960449219,109.307731151581,0,2.33368587493896
1,50,0,0,3,7.48954010009766,116.797271251678,0,4.13051843643188
0,[Device Ends At04/09/2014 20:20:52 -- Overall Times ] 116.797271251678[Overall error] 65.7561311721802  ,,,,,,,,
0,[User:50 - Device:4 - Object:0 - BoundingBoxType:0 - time:04/09/2014 20:30:30] :: -  ,,,,,,,,
dataType, userId ,Device,object,angleType,elapsed time,overall task elapsed time, errorType,error distance
1,50,4,0,3,6.61829566955566,6.61829566955566,0,4.65821123123169
1,50,4,0,3,9.04307651519775,15.6613721847534,0,5.85300064086914
1,50,4,0,3,10.8864593505859,26.5478315353394,0,8.06480693817139
1,50,4,0,3,10.2523975372314,36.8002290725708,0,5.85460567474365
1,50,4,0,3,14.1152420043945,50.9154710769653,0,12.9763050079346
1,50,4,0,3,61.449878692627,112.365349769592,0,7.11079454421997
1,50,4,0,3,5.18512725830078,117.550477027893,0,1.17034423351288
1,50,4,0,3,5.08502960205078,122.635506629944,0,4.15018320083618
1,50,4,0,3,8.008056640625,130.643563270569,0,15.046688079834
1,50,4,0,3,11.8238830566406,142.467446327209,0,1.34112787246704
1,50,4,0,3,11.4739685058594,153.941414833069,0,1.04529023170471
1,50,4,0,3,18.0467071533203,171.988121986389,0,5.41855573654175
0,[Device Ends At04/09/2014 20:33:35 -- Overall Times ] 171.988121986389[Overall error] 72.689913392067  ,,,,,,,,
0,[User:50 - Device:3 - Object:1 - BoundingBoxType:0 - time:04/09/2014 20:44:03] :: -  ,,,,,,,,
dataType, userId ,Device,object,angleType,elapsed time,overall task elapsed time, errorType,error distance
1,50,3,1,3,6.74904632568359,6.74904632568359,0,10.3869295120239
1,50,3,1,3,7.44231033325195,14.1913566589355,0,8.86629009246826
1,50,3,1,3,8.94597816467285,23.1373348236084,0,4.00777673721313
1,50,3,1,3,7.0775318145752,30.2148666381836,0,14.6050691604614
1,50,3,1,3,7.55684280395508,37.7717094421387,0,7.37963771820068
1,50,3,1,3,5.28517150878906,43.0568809509277,0,6.75252485275269
1,50,3,1,3,4.29770660400391,47.3545875549316,0,10.2611389160156
1,50,3,1,3,5.18463134765625,52.5392189025879,0,5.01591634750366
1,50,3,1,3,7.60845565795898,60.1476745605469,0,5.46044254302979
1,50,3,1,3,7.10721588134766,67.2548904418945,1,18.7005977630615
1,50,3,1,3,6.17102813720703,73.4259185791016,0,9.44654083251953
1,50,3,1,3,3.41094970703125,76.8368682861328,0,10.389720916748
0,[Device Ends At04/09/2014 20:45:24 -- Overall Times ] 76.8368682861328[Overall error] 111.272585391998  ,,,,,,,,
0,[User:50 - Device:2 - Object:0 - BoundingBoxType:0 - time:04/09/2014 20:54:07] :: -  ,,,,,,,,
dataType, userId ,Device,object,angleType,elapsed time,overall task elapsed time, errorType,error distance
1,50,2,0,3,9.81638050079346,9.81638050079346,0,6.98152732849121
1,50,2,0,3,6.70855712890625,16.5249376296997,0,3.86255526542664
1,50,2,0,3,6.88727188110352,23.4122095108032,0,2.97349500656128
1,50,2,0,3,10.2383251190186,33.6505346298218,0,4.5944128036499
1,50,2,0,3,9.71423721313477,43.3647718429565,0,4.67850399017334
1,50,2,0,3,8.06577682495117,51.4305486679077,0,7.79051876068115
1,50,2,0,3,6.08097839355469,57.5115270614624,0,5.69638919830322
1,50,2,0,3,5.35579681396484,62.8673238754272,0,2.96400284767151
1,50,2,0,3,8.90962219238281,71.7769460678101,0,4.15847444534302
1,50,2,0,3,7.37570953369141,79.1526556015015,0,0.268340796232224
1,50,2,0,3,6.82373809814453,85.976393699646,0,3.15536761283875
1,50,2,0,3,5.04869079589844,91.0250844955444,0,6.58483028411865
0,[Device Ends At04/09/2014 20:55:48 -- Overall Times ] 91.0250844955444[Overall error] 53.7084183394909  ,,,,,,,,
0,[User:50 - Device:1 - Object:0 - BoundingBoxType:0 - time:04/09/2014 21:04:50] :: -  ,,,,,,,,
dataType, userId ,Device,object,angleType,elapsed time,overall task elapsed time, errorType,error distance
1,50,1,0,3,5.09112358093262,5.09112358093262,0,11.5001192092896
1,50,1,0,3,5.32197380065918,10.4130973815918,0,4.64171171188354
1,50,1,0,3,5.28091239929199,15.6940097808838,0,4.8296799659729
1,50,1,0,3,4.93574142456055,20.6297512054443,0,4.4498553276062
1,50,1,0,3,6.16857147216797,26.7983226776123,0,3.79136967658997
1,50,1,0,3,5.37239074707031,32.1707134246826,0,4.09740781784058
1,50,1,0,3,6.70520401000977,38.8759174346924,0,3.79302096366882
1,50,1,0,3,4.49950790405273,43.3754253387451,0,4.94739389419556
1,50,1,0,3,5.48228073120117,48.8577060699463,0,11.2033634185791
1,50,1,0,3,5.03181838989258,53.8895244598389,0,1.41496503353119
1,50,1,0,3,4.90697479248047,58.7964992523193,0,8.33750820159912
1,50,1,0,3,7.51992797851563,66.316427230835,0,10.3959798812866
0,[Device Ends At04/09/2014 21:06:07 -- Overall Times ] 66.316427230835[Overall error] 73.4023751020432  ,,,,,,,,
