0,[User:21 - Device:0 - Object:0 - BoundingBoxType:0 - time:04/03/2014 20:15:18] :: 1  ,,,,,,,,
dataType, userId ,Device,object,angleType,elapsed time,overall task elapsed time, errorType,error distance
1,21,0,0,1,5.1475830078125,5.1475830078125,0,12.6139232610485
1,21,0,0,1,7.54181098937988,12.6893939971924,1,21.2377840675105
1,21,0,0,0,4.93533134460449,17.6247253417969,0,13.1249452198466
1,21,0,0,0,7.29122924804688,24.9159545898438,0,12.3577599665731
1,21,0,0,0,8.22832107543945,33.1442756652832,0,6.40612336410638
1,21,0,0,1,15.9034767150879,49.0477523803711,0,8.15915779126027
1,21,0,0,1,9.84942626953125,58.8971786499023,0,7.28606427677527
1,21,0,0,0,6.33871459960938,65.2358932495117,0,11.29213582264
1,21,0,0,0,6.27301788330078,71.5089111328125,0,3.78593523574266
1,21,0,0,1,11.6881561279297,83.1970672607422,0,13.5178516569429
1,21,0,0,1,13.2861633300781,96.4832305908203,0,3.64732763182931
1,21,0,0,0,4.39145660400391,100.874687194824,0,15.4152524218292
0,[Device Ends At04/03/2014 20:17:03 -- Overall Times ] 100.874687194824[Overall error] 128.844260716105  ,,,,,,,,
0,[User:21 - Device:0 - Object:1 - BoundingBoxType:0 - time:04/03/2014 20:17:12] :: 1  ,,,,,,,,
dataType, userId ,Device,object,angleType,elapsed time,overall task elapsed time, errorType,error distance
1,21,0,1,1,4.7982816696167,4.7982816696167,0,8.26144988782764
1,21,0,1,1,11.7917804718018,16.5900621414185,0,9.77442096446412
1,21,0,1,1,16.2035827636719,32.7936449050903,1,20.9182316456809
1,21,0,1,1,9.60334014892578,42.3969850540161,0,9.05835714453461
1,21,0,1,0,15.0017051696777,57.3986902236938,0,14.2124118745239
1,21,0,1,0,8.40703582763672,65.8057260513306,2,36.458186937542
1,21,0,1,1,15.2196807861328,81.0254068374634,0,4.46783078592005
1,21,0,1,0,14.58154296875,95.6069498062134,0,7.09172245583849
1,21,0,1,0,10.6237869262695,106.230736732483,0,10.3056684999771
1,21,0,1,0,7.17192840576172,113.402665138245,0,10.5365364195581
1,21,0,1,0,7.54119110107422,120.943856239319,0,6.87154824390154
1,21,0,1,1,8.51161956787109,129.45547580719,0,5.01739334592274
0,[Device Ends At04/03/2014 20:19:26 -- Overall Times ] 129.45547580719[Overall error] 142.973758205691  ,,,,,,,,
0,[User:21 - Device:1 - Object:0 - BoundingBoxType:0 - time:04/03/2014 20:26:52] :: 1  ,,,,,,,,
dataType, userId ,Device,object,angleType,elapsed time,overall task elapsed time, errorType,error distance
1,21,1,0,0,8.26649236679077,8.26649236679077,0,3.64963414352657
1,21,1,0,0,8.09494972229004,16.3614420890808,0,7.68428199040678
1,21,1,0,1,7.42386817932129,23.7853102684021,0,2.64207774737493
1,21,1,0,0,5.86976623535156,29.6550765037537,0,12.0539696018703
1,21,1,0,1,10.3865356445313,40.0416121482849,0,9.29708459331364
1,21,1,0,0,13.0938720703125,53.1354842185974,0,3.00851634107265
1,21,1,0,1,8.99631881713867,62.1318030357361,1,28.5518317317377
1,21,1,0,0,10.1007995605469,72.232602596283,0,5.76055026796769
1,21,1,0,0,9.90034484863281,82.1329474449158,0,7.74837940583228
1,21,1,0,1,8.22911834716797,90.3620657920837,0,15.1437218796641
1,21,1,0,1,6.80576324462891,97.1678290367126,0,6.25019147892536
1,21,1,0,1,9.25179290771484,106.419621944427,0,8.31920236763832
0,[Device Ends At04/03/2014 20:28:45 -- Overall Times ] 106.419621944427[Overall error] 110.10944154933  ,,,,,,,,
0,[User:21 - Device:1 - Object:1 - BoundingBoxType:0 - time:04/03/2014 20:28:55] :: 1  ,,,,,,,,
dataType, userId ,Device,object,angleType,elapsed time,overall task elapsed time, errorType,error distance
1,21,1,1,0,4.33311581611633,4.33311581611633,0,11.7849781487613
1,21,1,1,0,6.90543222427368,11.23854804039,0,9.90474673453534
1,21,1,1,1,9.76875591278076,21.0073039531708,0,2.66772607200396
1,21,1,1,1,11.7712287902832,32.778532743454,0,13.6516559987538
1,21,1,1,1,15.0347900390625,47.8133227825165,0,9.2608986197695
1,21,1,1,1,9.80528259277344,57.6186053752899,1,21.252066428806
1,21,1,1,1,12.5039749145508,70.1225802898407,0,11.6663583085471
1,21,1,1,0,6.97521209716797,77.0977923870087,0,5.83190037098518
1,21,1,1,0,10.2373428344727,87.3351352214813,0,4.3452032508773
1,21,1,1,0,6.18279266357422,93.5179278850555,0,6.58472497485416
1,21,1,1,0,10.5880279541016,104.105955839157,0,1.61643794243249
1,21,1,1,1,6.82325744628906,110.929213285446,0,5.83592818120132
0,[Device Ends At04/03/2014 20:30:50 -- Overall Times ] 110.929213285446[Overall error] 104.402625031527  ,,,,,,,,
0,[User:21 - Device:4 - Object:1 - BoundingBoxType:0 - time:04/03/2014 20:37:35] :: 1  ,,,,,,,,
dataType, userId ,Device,object,angleType,elapsed time,overall task elapsed time, errorType,error distance
1,21,4,1,1,8.79117393493652,8.79117393493652,1,20.2288780755567
1,21,4,1,1,12.9728012084961,21.7639751434326,0,14.2069649180943
1,21,4,1,1,10.638370513916,32.4023456573486,1,21.0820737968506
1,21,4,1,1,21.2864227294922,53.6887683868408,0,4.80118166574979
1,21,4,1,1,14.4359512329102,68.124719619751,0,4.73314435033369
1,21,4,1,0,4.2281494140625,72.3528690338135,1,19.8121624619608
1,21,4,1,0,15.8358917236328,88.1887607574463,0,15.1771960441211
1,21,4,1,1,9.75176239013672,97.940523147583,0,11.3022775377689
1,21,4,1,0,6.65657043457031,104.597093582153,0,0.893941913667127
1,21,4,1,0,8.22818756103516,112.825281143188,0,3.13870772299782
1,21,4,1,0,6.87398529052734,119.699266433716,0,5.37774147160651
1,21,4,1,0,7.13836669921875,126.837633132935,0,13.4100339824538
0,[Device Ends At04/03/2014 20:39:56 -- Overall Times ] 126.837633132935[Overall error] 134.164303941161  ,,,,,,,,
0,[User:21 - Device:4 - Object:0 - BoundingBoxType:0 - time:04/03/2014 20:40:46] :: 1  ,,,,,,,,
dataType, userId ,Device,object,angleType,elapsed time,overall task elapsed time, errorType,error distance
1,21,4,0,1,10.4245119094849,10.4245119094849,1,26.9030686200404
1,21,4,0,1,16.4894542694092,26.913966178894,0,8.97180516263626
1,21,4,0,0,5.81806564331055,32.7320318222046,0,3.31148177187753
1,21,4,0,1,12.0103302001953,44.7423620223999,0,11.7477588601439
1,21,4,0,0,9.78111267089844,54.5234746932983,0,10.7085719411814
1,21,4,0,0,7.92793273925781,62.4514074325562,0,4.40324343881045
1,21,4,0,0,6.25429534912109,68.7057027816772,0,8.38746703529138
1,21,4,0,1,8.26194763183594,76.9676504135132,0,1.24427772727716
1,21,4,0,0,5.61978149414063,82.5874319076538,0,3.81551823451617
1,21,4,0,1,10.570915222168,93.1583471298218,0,3.51763680923815
1,21,4,0,1,9.3819580078125,102.540305137634,0,6.96062941450924
1,21,4,0,0,5.03102111816406,107.571326255798,0,9.60814933408127
0,[Device Ends At04/03/2014 20:42:42 -- Overall Times ] 107.571326255798[Overall error] 99.5796083496032  ,,,,,,,,
0,[User:21 - Device:3 - Object:1 - BoundingBoxType:0 - time:04/03/2014 20:52:04] :: 1  ,,,,,,,,
dataType, userId ,Device,object,angleType,elapsed time,overall task elapsed time, errorType,error distance
1,21,3,1,1,6.61768579483032,6.61768579483032,1,26.5028050667487
1,21,3,1,1,10.650486946106,17.2681727409363,0,7.4738465265907
1,21,3,1,0,4.9705753326416,22.2387480735779,0,8.18778140080648
1,21,3,1,1,8.08943939208984,30.3281874656677,0,3.790164104762
1,21,3,1,0,7.26152420043945,37.5897116661072,1,19.2903901626348
1,21,3,1,0,5.78507995605469,43.3747916221619,0,6.19726775564365
1,21,3,1,0,5.95497512817383,49.3297667503357,0,14.3691400906303
1,21,3,1,0,9.56542205810547,58.8951888084412,0,6.78011064239635
1,21,3,1,1,10.3152389526367,69.2104277610779,1,18.1683626377004
1,21,3,1,1,8.37804412841797,77.5884718894959,0,2.39861940747561
1,21,3,1,1,9.18248748779297,86.7709593772888,0,14.6274175069506
1,21,3,1,0,12.5761337280273,99.3470931053162,0,2.24083378302624
0,[Device Ends At04/03/2014 20:53:48 -- Overall Times ] 99.3470931053162[Overall error] 130.026739085366  ,,,,,,,,
0,[User:21 - Device:3 - Object:0 - BoundingBoxType:0 - time:04/03/2014 20:53:58] :: 1  ,,,,,,,,
dataType, userId ,Device,object,angleType,elapsed time,overall task elapsed time, errorType,error distance
1,21,3,0,1,7.46845054626465,7.46845054626465,0,9.39147488628713
1,21,3,0,1,6.18355560302734,13.652006149292,0,5.67423818919524
1,21,3,0,0,8.63051795959473,22.2825241088867,0,6.30564899740676
1,21,3,0,0,5.20426177978516,27.4867858886719,0,7.89672607738676
1,21,3,0,1,6.98759841918945,34.4743843078613,0,8.83685293713133
1,21,3,0,1,9.43589019775391,43.9102745056152,0,5.97880413704276
1,21,3,0,0,8.87654113769531,52.7868156433105,0,3.95337247740336
1,21,3,0,0,5.18496322631836,57.9717788696289,0,14.5598572614015
1,21,3,0,1,11.6215591430664,69.5933380126953,1,23.4821106775427
1,21,3,0,0,6.20516967773438,75.7985076904297,0,6.5694929209524
1,21,3,0,1,8.11213684082031,83.91064453125,0,9.71627671527416
1,21,3,0,0,7.00608825683594,90.9167327880859,0,7.15716837704123
0,[Device Ends At04/03/2014 20:55:37 -- Overall Times ] 90.9167327880859[Overall error] 109.522023654065  ,,,,,,,,
0,[User:21 - Device:2 - Object:1 - BoundingBoxType:0 - time:04/03/2014 21:06:50] :: 1  ,,,,,,,,
dataType, userId ,Device,object,angleType,elapsed time,overall task elapsed time, errorType,error distance
1,21,2,1,0,5.639808177948,5.639808177948,0,5.3335461275411
1,21,2,1,1,7.97614479064941,13.6159529685974,0,4.28611795330384
1,21,2,1,1,9.31828308105469,22.9342360496521,2,34.8331545412965
1,21,2,1,0,8.21436309814453,31.1485991477966,0,12.2328304771185
1,21,2,1,0,8.87362670898438,40.022225856781,0,6.98081988282064
1,21,2,1,1,10.5874176025391,50.6096434593201,1,25.054549466075
1,21,2,1,1,7.8482551574707,58.4578986167908,0,3.5556793883174
1,21,2,1,1,8.14729309082031,66.6051917076111,1,21.1151454792845
1,21,2,1,0,7.59040069580078,74.1955924034119,0,10.8953961480617
1,21,2,1,0,5.94673156738281,80.1423239707947,0,8.01456030946743
1,21,2,1,1,5.53624725341797,85.6785712242126,2,47.0787974767439
1,21,2,1,0,7.32611846923828,93.0046896934509,0,3.23625529608225
0,[Device Ends At04/03/2014 21:08:28 -- Overall Times ] 93.0046896934509[Overall error] 182.616852546113  ,,,,,,,,
0,[User:21 - Device:2 - Object:0 - BoundingBoxType:0 - time:04/03/2014 21:08:37] :: 1  ,,,,,,,,
dataType, userId ,Device,object,angleType,elapsed time,overall task elapsed time, errorType,error distance
1,21,2,0,0,4.54449319839478,4.54449319839478,0,11.418712722907
1,21,2,0,1,5.85278034210205,10.3972735404968,0,5.49625062972785
1,21,2,0,1,8.49877166748047,18.8960452079773,0,12.446485665173
1,21,2,0,0,5.34807586669922,24.2441210746765,0,2.88106767792635
1,21,2,0,1,6.62744903564453,30.871570110321,0,7.30337326716211
1,21,2,0,0,5.14990234375,36.021472454071,0,4.04900342605066
1,21,2,0,1,10.7499008178711,46.7713732719421,0,10.0271326828902
1,21,2,0,0,5.81993103027344,52.5913043022156,0,4.41523687002452
1,21,2,0,0,5.7544059753418,58.3457102775574,0,1.5934761051665
1,21,2,0,1,7.90921020507813,66.2549204826355,0,8.2780233031204
1,21,2,0,1,6.75691223144531,73.0118327140808,0,6.71257676567518
1,21,2,0,0,6.87105560302734,79.8828883171082,1,30.6543910977092
0,[Device Ends At04/03/2014 21:10:05 -- Overall Times ] 79.8828883171082[Overall error] 105.275730213533  ,,,,,,,,
