0,[User:28 - Device:4 - Object:0 - BoundingBoxType:0 - time:04/06/2014 10:13:35] :: -  ,,,,,,,,
dataType, userId ,Device,object,angleType,elapsed time,overall task elapsed time, errorType,error distance
1,28,4,0,0,6.34610748291016,6.34610748291016,0,3.53758597373962
1,28,4,0,1,9.48558235168457,15.8316898345947,1,22.4424915313721
1,28,4,0,1,5.40395545959473,21.2356452941895,1,31.7150421142578
1,28,4,0,1,7.67103576660156,28.906681060791,1,17.1288909912109
1,28,4,0,0,5.06757736206055,33.9742584228516,1,23.8941059112549
1,28,4,0,1,9.78485107421875,43.7591094970703,1,17.1430587768555
1,28,4,0,0,10.9193382263184,54.6784477233887,0,15.2649450302124
1,28,4,0,1,6.83890914916992,61.5173568725586,0,12.3380870819092
1,28,4,0,1,6.33943176269531,67.8567886352539,0,16.6241569519043
1,28,4,0,0,3.93190765380859,71.7886962890625,1,27.9184303283691
1,28,4,0,0,6.72043609619141,78.5091323852539,2,42.508544921875
1,28,4,0,0,4.700439453125,83.2095718383789,0,5.98319435119629
0,[Device Ends At04/06/2014 10:15:04 -- Overall Times ] 83.2095718383789[Overall error] 236.498533964157  ,,,,,,,,0,[User:28 - Device:4 - Object:1 - BoundingBoxType:0 - time:04/06/2014 10:17:48] :: -  ,,,,,,,,
dataType, userId ,Device,object,angleType,elapsed time,overall task elapsed time, errorType,error distance
0,[User:28 - Device:4 - Object:1 - BoundingBoxType:0 - time:04/06/2014 10:17:56] :: -  ,,,,,,,,
dataType, userId ,Device,object,angleType,elapsed time,overall task elapsed time, errorType,error distance
1,28,4,1,0,3.83739304542542,3.83739304542542,0,13.523341178894
1,28,4,1,1,12.0049238204956,15.842316865921,1,17.2482299804688
1,28,4,1,1,5.73457145690918,21.5768883228302,0,8.65343189239502
1,28,4,1,0,9.65472984313965,31.2316181659698,1,24.4590950012207
1,28,4,1,1,17.2237968444824,48.4554150104523,0,7.13893461227417
1,28,4,1,0,5.63458251953125,54.0899975299835,0,6.37417507171631
1,28,4,1,0,4.01449966430664,58.1044971942902,1,21.0640296936035
1,28,4,1,1,4.09689712524414,62.2013943195343,0,13.3534669876099
1,28,4,1,1,20.6185073852539,82.8199017047882,1,23.9330406188965
1,28,4,1,1,2.9293212890625,85.7492229938507,1,17.2978973388672
1,28,4,1,0,3.50894927978516,89.2581722736359,1,24.8293342590332
1,28,4,1,0,3.76325988769531,93.0214321613312,0,16.0370750427246
0,[Device Ends At04/06/2014 10:19:33 -- Overall Times ] 93.0214321613312[Overall error] 193.912051677704  ,,,,,,,,
0,[User:28 - Device:1 - Object:0 - BoundingBoxType:0 - time:04/06/2014 10:27:47] :: -  ,,,,,,,,
dataType, userId ,Device,object,angleType,elapsed time,overall task elapsed time, errorType,error distance
1,28,1,0,1,4.02482080459595,4.02482080459595,0,13.5655069351196
1,28,1,0,1,7.18853044509888,11.2133512496948,2,48.7855377197266
1,28,1,0,0,5.40164184570313,16.6149930953979,0,7.71778869628906
1,28,1,0,1,7.17851448059082,23.7935075759888,0,10.381646156311
1,28,1,0,0,2.63903617858887,26.4325437545776,0,8.70884323120117
1,28,1,0,0,6.43789482116699,32.8704385757446,0,10.7944917678833
1,28,1,0,1,7.2426643371582,40.1131029129028,1,17.7102012634277
1,28,1,0,0,10.6534042358398,50.7665071487427,0,7.78136396408081
1,28,1,0,0,1.8390007019043,52.605507850647,0,3.85626721382141
1,28,1,0,1,10.8351554870605,63.4406633377075,1,20.0724563598633
1,28,1,0,1,8.12717437744141,71.5678377151489,0,15.7504386901855
1,28,1,0,0,4.06433868408203,75.632176399231,1,17.1917934417725
0,[Device Ends At04/06/2014 10:29:04 -- Overall Times ] 75.632176399231[Overall error] 182.316335439682  ,,,,,,,,
0,[User:28 - Device:1 - Object:1 - BoundingBoxType:0 - time:04/06/2014 10:29:14] :: -  ,,,,,,,,
dataType, userId ,Device,object,angleType,elapsed time,overall task elapsed time, errorType,error distance
1,28,1,1,1,5.22942304611206,5.22942304611206,0,10.4700517654419
1,28,1,1,1,9.26357889175415,14.4930019378662,0,13.7011985778809
1,28,1,1,1,7.51021385192871,22.0032157897949,1,22.9986782073975
1,28,1,1,1,6.44175720214844,28.4449729919434,0,5.45025253295898
1,28,1,1,0,2.19960594177246,30.6445789337158,2,40.9781646728516
1,28,1,1,1,9.31804656982422,39.96262550354,1,20.5397033691406
1,28,1,1,1,5.9576530456543,45.9202785491943,1,33.4288902282715
1,28,1,1,0,4.1443977355957,50.06467628479,2,44.2940902709961
1,28,1,1,0,6.92328262329102,56.9879589080811,1,19.54052734375
1,28,1,1,0,4.08803558349609,61.0759944915771,0,14.3023748397827
1,28,1,1,0,3.84077453613281,64.91676902771,0,6.55443382263184
1,28,1,1,0,5.95489501953125,70.8716640472412,0,6.59053659439087
0,[Device Ends At04/06/2014 10:30:28 -- Overall Times ] 70.8716640472412[Overall error] 238.848902225494  ,,,,,,,,
0,[User:28 - Device:0 - Object:1 - BoundingBoxType:0 - time:04/06/2014 10:36:37] :: -  ,,,,,,,,
dataType, userId ,Device,object,angleType,elapsed time,overall task elapsed time, errorType,error distance
1,28,0,1,0,6.49768257141113,6.49768257141113,0,10.8034200668335
1,28,0,1,1,12.0728645324707,18.5705471038818,1,23.8537521362305
1,28,0,1,0,8.7678165435791,27.3383636474609,0,7.06626844406128
1,28,0,1,1,6.16983795166016,33.5082015991211,1,28.0416965484619
1,28,0,1,1,7.65555953979492,41.163761138916,0,11.073655128479
1,28,0,1,1,12.2790298461914,53.4427909851074,0,4.93265438079834
1,28,0,1,0,7.30493545532227,60.7477264404297,2,38.4383087158203
1,28,0,1,1,12.8266830444336,73.5744094848633,1,25.9221267700195
1,28,0,1,1,8.73653411865234,82.3109436035156,0,5.97704029083252
1,28,0,1,0,9.56110382080078,91.8720474243164,0,14.3109321594238
1,28,0,1,0,8.12889099121094,100.000938415527,0,12.817759513855
1,28,0,1,0,9.89745330810547,109.898391723633,1,22.0339908599854
0,[Device Ends At04/06/2014 10:38:37 -- Overall Times ] 109.898391723633[Overall error] 205.271605014801  ,,,,,,,,
0,[User:28 - Device:0 - Object:0 - BoundingBoxType:0 - time:04/06/2014 10:38:48] :: -  ,,,,,,,,
dataType, userId ,Device,object,angleType,elapsed time,overall task elapsed time, errorType,error distance
1,28,0,0,1,8.74092388153076,8.74092388153076,0,2.69365859031677
1,28,0,0,0,1.789794921875,10.5307188034058,0,11.1638288497925
1,28,0,0,0,7.23027038574219,17.7609891891479,0,5.86249113082886
1,28,0,0,1,8.79045104980469,26.5514402389526,0,9.87220096588135
1,28,0,0,0,4.01318740844727,30.5646276473999,0,12.6582279205322
1,28,0,0,0,5.23643112182617,35.8010587692261,0,1.45424723625183
1,28,0,0,0,6.05191040039063,41.8529691696167,0,13.0651588439941
1,28,0,0,1,7.61462020874023,49.4675893783569,0,14.5498857498169
1,28,0,0,1,8.25614166259766,57.7237310409546,0,7.90331792831421
1,28,0,0,1,4.13259887695313,61.8563299179077,1,18.4771785736084
1,28,0,0,1,4.16281127929688,66.0191411972046,1,25.3228607177734
1,28,0,0,0,5.59166717529297,71.6108083724976,0,5.66786479949951
0,[Device Ends At04/06/2014 10:40:13 -- Overall Times ] 71.6108083724976[Overall error] 128.69092130661  ,,,,,,,,
0,[User:28 - Device:2 - Object:1 - BoundingBoxType:0 - time:04/06/2014 10:46:06] :: -  ,,,,,,,,
dataType, userId ,Device,object,angleType,elapsed time,overall task elapsed time, errorType,error distance
1,28,2,1,1,13.7556505203247,13.7556505203247,0,5.11713457107544
1,28,2,1,1,6.3721923828125,20.1278429031372,1,25.5506057739258
1,28,2,1,1,6.58815956115723,26.7160024642944,0,8.74269199371338
1,28,2,1,1,7.92706680297852,34.6430692672729,1,17.1005687713623
1,28,2,1,0,3.51276016235352,38.1558294296265,0,8.28897857666016
1,28,2,1,0,5.90404510498047,44.0598745346069,0,14.6749725341797
1,28,2,1,0,6.03699493408203,50.096869468689,0,9.15086078643799
1,28,2,1,0,4.4879035949707,54.5847730636597,0,3.75673007965088
1,28,2,1,1,6.68904495239258,61.2738180160522,1,23.7872638702393
1,28,2,1,0,5.59907531738281,66.8728933334351,0,8.47847652435303
1,28,2,1,1,5.75093078613281,72.6238241195679,2,34.9195098876953
1,28,2,1,0,5.73556518554688,78.3593893051147,0,8.36649131774902
0,[Device Ends At04/06/2014 10:47:32 -- Overall Times ] 78.3593893051147[Overall error] 167.934284687042  ,,,,,,,,
0,[User:28 - Device:2 - Object:0 - BoundingBoxType:0 - time:04/06/2014 10:47:48] :: -  ,,,,,,,,
dataType, userId ,Device,object,angleType,elapsed time,overall task elapsed time, errorType,error distance
1,28,2,0,1,17.0044708251953,17.0044708251953,0,14.5461654663086
1,28,2,0,0,9.24813461303711,26.2526054382324,1,31.3850364685059
1,28,2,0,0,4.86556625366211,31.1181716918945,0,3.78868460655212
1,28,2,0,1,12.3295745849609,43.4477462768555,0,14.6873216629028
1,28,2,0,0,7.637451171875,51.0851974487305,0,6.65686321258545
1,28,2,0,0,10.8214797973633,61.9066772460938,0,11.0364284515381
1,28,2,0,1,15.3536987304688,77.2603759765625,0,3.26077771186829
1,28,2,0,1,8.22628021240234,85.4866561889648,0,14.424919128418
1,28,2,0,1,5.92021942138672,91.4068756103516,0,7.12652683258057
1,28,2,0,1,11.9420471191406,103.348922729492,0,1.65984606742859
1,28,2,0,0,4.69872283935547,108.047645568848,0,14.5519371032715
1,28,2,0,0,3.46217346191406,111.509819030762,0,7.92341136932373
0,[Device Ends At04/06/2014 10:49:58 -- Overall Times ] 111.509819030762[Overall error] 131.047918081284  ,,,,,,,,
0,[User:28 - Device:3 - Object:0 - BoundingBoxType:0 - time:04/06/2014 10:56:42] :: -  ,,,,,,,,
dataType, userId ,Device,object,angleType,elapsed time,overall task elapsed time, errorType,error distance
1,28,3,0,0,5.7479909658432,5.7479909658432,0,7.23299264907837
1,28,3,0,1,9.28649616241455,15.0344871282578,0,4.07652950286865
1,28,3,0,0,4.94637107849121,19.980858206749,1,22.5489807128906
1,28,3,0,1,7.87618637084961,27.8570445775986,0,11.1276073455811
1,28,3,0,0,3.41156196594238,31.268606543541,0,13.2265043258667
1,28,3,0,0,3.41355895996094,34.6821655035019,0,16.7243022918701
1,28,3,0,1,8.94953536987305,43.6317008733749,0,11.8163356781006
1,28,3,0,1,11.233699798584,54.8654006719589,0,7.6202507019043
1,28,3,0,0,7.4266357421875,62.2920364141464,0,13.1387376785278
1,28,3,0,1,5.95220184326172,68.2442382574081,0,5.16086006164551
1,28,3,0,0,4.63360595703125,72.8778442144394,0,5.54552793502808
1,28,3,0,1,7.29316711425781,80.1710113286972,0,10.1074647903442
0,[Device Ends At04/06/2014 10:58:05 -- Overall Times ] 80.1710113286972[Overall error] 128.326093673706  ,,,,,,,,
0,[User:28 - Device:3 - Object:1 - BoundingBoxType:0 - time:04/06/2014 10:58:18] :: -  ,,,,,,,,
dataType, userId ,Device,object,angleType,elapsed time,overall task elapsed time, errorType,error distance
1,28,3,1,1,7.66760540008545,7.66760540008545,0,12.0202169418335
1,28,3,1,1,17.6931314468384,25.3607368469238,1,20.3110313415527
1,28,3,1,0,7.15865898132324,32.5193958282471,1,28.3835678100586
1,28,3,1,1,11.7587242126465,44.2781200408936,0,7.02402591705322
1,28,3,1,0,4.2791862487793,48.5573062896729,0,9.12779903411865
1,28,3,1,0,2.89298248291016,51.450288772583,0,11.8973436355591
1,28,3,1,0,4.43146133422852,55.8817501068115,0,7.27542304992676
1,28,3,1,1,9.2828483581543,65.1645984649658,0,3.575443983078
1,28,3,1,0,18.3295059204102,83.494104385376,0,9.56106281280518
1,28,3,1,1,4.98162841796875,88.4757328033447,0,15.8983497619629
1,28,3,1,1,7.31154632568359,95.7872791290283,0,9.17890167236328
1,28,3,1,0,5.18108367919922,100.968362808228,0,10.2853221893311
0,[Device Ends At04/06/2014 11:00:01 -- Overall Times ] 100.968362808228[Overall error] 144.538488149643  ,,,,,,,,
